-1.82598
-3.01101
-3.01101
-3.01101
-3.01101
-3.0735
-6.01018
-6.01018
-4.56207
-7.48931
-7.48931
-5.01655
-5.01655
-5.01655
-5.01655
-5.3933
-5.3933
-3.50922
-2.43977
-1.93836
-1.93836
-2.2095
-3.28646
-3.28646
-3.28646
-3.11008
-1.81338
-1.81338
-1.81338
-1.81338
-2.13861
-3.41076
-2.09772
-2.09772
-2.09772
-2.09772
-2.09772
-2.09772
-2.09772
-0.624234
-0.624234
-0.624234
-0.624234
-0.624234
-0.624234
-0.624234
-0.624234
-0.624234
-0.624234
-0.624234
-0.624234
-0.624234
-0.624234
-0.624234
-0.624234
-0.624234
-0.624234
-1.91539
-1.91539
-1.91539
-1.91539
-1.91539
-3.72848
-3.72848
-3.72848
-3.64025
-3.64025
-6.82817
-6.82817
-7.14601
-7.63439
-5.48796
-3.93052
-3.33598
-3.33598
-3.33598
-3.31448
-1.37706
-1.33642
-2.65031
-2.01494
-2.01494
-2.01494
-2.262
-2.262
-2.262
-2.262
-1.2097
-1.11719
-1.11719
-1.11719
-1.11719
-1.11719
-1.54421
-1.54421
-1.54421
-4.05385
-4.05385
-4.05385
-4.05385
-4.2381
-4.2381
-3.62552
-3.62552
-2.94017
-2.29669
-2.29669
-2.62605
-1.09702
-0.304064
-0.497024
-0.497024
-0.497024
-0.497024
-0.497024
-0.497024
-1.53772
-4.39311
-8.11523
-8.57751
-8.22467
-6.70664
-5.16611
-5.49508
-4.25554
-4.25554
-3.33443
-3.46265
-2.92209
-0.759414
-0.759414
-0.759414
-1.48961
-1.48961
-1.48961
-2.63694
-4.25926
-3.00974
-3.00974
-3.00974
-3.29834
-3.49704
-1.7356
-1.7356
-1.7356
-2.8232
-1.85611
-2.27353
-4.7566
-3.13807
-1.45366
-1.45366
-4.42496
-4.42496
-2.1897
-2.1897
-1.38874
-1.38874
-1.23149
-1.23149
-1.23149
-4.5735
-4.5735
-4.5735
-4.5735
-4.06305
-3.48509
-3.48509
-4.204
-4.06221
-3.46806
-1.62209
-2.69343
-2.69343
-2.44343
-1.91806
-2.38768
-3.8538
-2.44213
-3.02489
-3.02489
-1.2589
-5.32182
-5.32182
-5.32182
-5.32182
-5.32182
-7.40894
-3.8797
-2.19113
-2.19113
-2.47193
-2.47193
-2.47193
-2.47193
-2.89661
-2.62676
-2.62676
-2.62676
-5.14316
-5.14316
-5.14316
-5.14316
-3.75856
-3.75856
-1.78342
-1.78342
-1.78342
-1.78342
-3.97563
-3.97563
-3.62253
-4.38442
-5.15997
-3.9703
-0.492138
-1.19609
-1.19609
-1.19609
-1.19609
-0.364999
-1.01914
-1.01914
-0.726255
-2.48952
-2.48952
-2.48952
-2.21663
-2.21663
-2.21663
-1.32203
-1.32203
-1.32203
-1.32203
-1.32203
-1.32203
-1.8546
-1.8546
-0.91604
-0.613512
-0.613512
-2.78552
-2.64018
-2.64018
-2.64018
-2.64018
-2.64018
-3.38748
-3.70573
-1.22006
-1.33476
-1.33476
-1.33476
-1.0579
-4.86848
-5.29946
-3.64002
-3.8591
-3.8591
-3.8591
-2.36763
-2.36763
-2.36763
-2.36763
-2.36763
-2.36763
-4.42782
-4.42782
-4.31574
-4.31574
-2.21938
-2.67224
-2.67224
-2.67224
-2.67224
-2.67224
-2.67224
-2.3959
-2.3959
-2.1929
-2.1929
-2.1929
-2.1929
-3.27877
-4.01157
-4.01157
-4.01157
-6.12243
-5.1463
-5.17335
-5.17335
-5.17335
-5.17335
-5.17335
-5.17335
-5.17335
-5.56754
-5.27805
-5.27805
-2.84296
-1.67561
-1.67561
-2.44216
-2.13087
-2.13087
-2.13087
-2.13087
-2.13087
-2.72941
-3.22625
-3.22625
-2.8547
-6.96156
-6.96156
-6.96156
-6.96156
-6.96156
-7.85058
-2.14128
-1.61084
-1.85112
-2.33886
-2.32379
-1.52341
-2.98193
-2.67419
-1.3208
-4.59128
-4.31388
-3.10309
-3.00747
-3.00747
-3.00747
-1.27006
-1.27006
-1.61975
-1.61975
-2.22127
-3.19594
-2.63729
-1.94493
-1.94493
-1.94493
-1.94493
-1.94493
-1.94493
-1.94493
-0.544963
-0.544963
-0.544963
-1.29918
-2.10291
-2.10291
-1.83794
-1.83794
-1.83794
-1.52498
-1.52498
-1.52498
-1.52498
-1.52498
-3.25231
-3.44931
-3.44931
-3.73106
-3.73106
-3.73106
-4.54342
-4.54342
-4.54342
-6.98729
-4.58229
-2.43584
-2.50891
-2.50891
-2.50891
-1.82255
-1.82255
-1.82255
-1.82255
-1.82255
-0.99414
-0.99414
-0.99414
-0.99414
-0.99414
-2.00751
-2.88343
-2.88343
-2.53139
-3.28312
-3.28312
-3.28312
-7.31004
-6.8678
-3.92641
-3.93025
-4.53954
-4.53954
-7.29156
-7.29156
-7.29156
-6.55012
-7.23577
-6.35407
-1.91964
-1.5899
-1.5899
-1.5899
-1.82334
-1.82334
-3.37895
-3.37895
-3.37895
-3.37895
-1.77637
-1.77637
-5.84362
-5.84362
-1.77682
-1.77682
-1.18682
-1.60494
-1.60883
-1.60883
-1.23967
-1.23967
-1.78913
-3.97007
-3.97007
-2.63621
-6.02966
-5.19803
-5.19803
-7.6864
-3.31943
-0.547591
-0.547591
-4.60184
-4.60184
-4.74744
-6.62518
-4.1375
-3.19078
-1.50798
-1.50798
-1.50798
-1.32189
-1.32189
-1.37461
-1.37461
-1.37461
-3.08376
-3.08376
-1.2168
-1.2168
-1.2168
-1.2168
-1.2168
-1.84539
-2.39269
-1.99318
-5.41078
-5.41078
-1.52953
-1.52953
-2.01434
-2.01434
-2.01434
-2.01434
-2.01434
-2.01434
-2.01434
-1.02191
-1.02191
-1.02191
-0.940253
-1.99377
-1.99377
-2.44497
-2.13435
-3.68707
-3.31753
-3.7675
-3.7675
-3.81835
-3.81835
-2.3894
-5.64286
-5.72045
-4.95919
-3.24949
-3.55745
-3.49828
-0.747887
-0.747887
-0.747887
-0.747887
-0.747887
-0.747887
-0.747887
-1.11904
-1.11904
-1.11904
-1.11904
-0.970546
-0.970546
-0.970546
-0.970546
-0.970546
-0.970546
-4.36405
-4.36405
-2.42005
-2.42005
-2.55248
-2.55248
-2.55248
-3.67196
-3.67196
-3.67196
-1.57579
-4.19617
-4.19617
-0.982101
-0.982101
-2.34696
-2.34696
-2.04975
-2.04975
-1.30934
-3.66481
-3.40568
-3.40568
-3.09886
-3.09886
-3.09886
-3.16092
-9.40053
-9.40053
-4.93566
-2.65664
-2.65664
-2.83788
-0.677892
-3.7086
-3.7086
-0.8293
-0.8293
-1.49091
-2.15082
-1.39531
-1.3566
-1.3566
-1.3566
-2.66094
-2.66094
-1.33
-1.33
-1.2273
-1.2273
-1.2273
-1.2273
-1.69684
-1.69684
-1.69684
-1.69684
-1.70366
-6.93397
-6.93397
-3.07209
-3.07209
-2.84978
-2.50105
-2.50105
-2.50105
-1.75325
-1.75325
-1.47589
-1.47589
-1.83859
-4.87395
-4.87395
-2.49952
-2.49952
-2.03577
-2.03577
-2.00981
-0.996617
-0.996617
-0.996617
-1.43285
-2.33355
-1.61532
-1.61532
-1.77489
-1.77489
-2.29706
-2.29706
-1.60986
-1.82923
-1.37814
-1.37814
-1.37814
-0.204311
-0.204311
-0.204311
-0.204311
-4.93043
-4.93043
-2.39615
-3.4905
-3.44924
-3.44924
-2.74483
-2.74483
-3.94804
-3.30285
-3.30285
-3.30285
-3.30285
-6.44595
-6.60716
-6.60716
-5.59488
-4.28699
-4.28699
-4.22702
-5.56216
-3.31579
-2.14244
-2.14244
-2.14244
-3.51565
-3.51565
-3.51565
-3.51565
-2.93528
-2.85832
-3.67223
-3.67223
-3.34513
-2.51371
-2.51371
-4.02924
-4.02924
-1.77456
-1.77456
-1.77456
-2.74191
-2.74191
-0.993534
-0.993534
-1.44547
-1.44547
-1.695
-1.695
-2.17707
-2.17707
-2.17707
-2.19825
-2.19825
-2.19825
-2.19825
-2.19825
-2.19825
-2.19825
-2.65818
-2.65818
-2.65818
-2.65818
-3.40325
-3.40325
-3.26799
-3.26799
-0.960871
-0.960871
-1.05074
-1.74333
-1.23552
-0.146154
-0.783202
-0.783202
-0.24427
-0.24427
-1.3706
-1.3706
-1.7009
-1.7009
-1.7009
-2.44639
-6.06174
-6.06174
-1.05477
-1.05477
-1.14337
-3.67643
-3.67643
-3.67643
-4.38777
-2.03322
-2.03322
-2.03322
-1.01388
-0.653044
-0.653044
-0.653044
-0.653044
-0.466646
-2.18623
-2.18623
-2.18623
-4.24612
-4.01913
-4.01913
-2.52958
-1.77439
-2.37271
-2.37271
-2.37271
-1.11461
-1.11461
-1.11825
-2.82886
-2.82886
-1.21427
-1.21427
-1.09798
-1.09798
-1.43922
-3.73952
-3.73952
-3.73952
-3.73952
-1.72798
-2.37701
-4.00131
-3.85921
-4.05813
-4.05813
-3.1143
-2.72901
-2.47384
-2.47384
-2.47384
-2.47384
-2.47384
-3.2852
-2.6064
-1.21969
-1.21969
-1.34299
-1.34299
-4.17708
-4.1168
-1.27467
-0.760604
-1.53106
-2.82735
-2.82735
-2.82735
-1.55711
-1.55711
-1.61791
-1.0375
-1.30813
-1.30813
-1.30813
-1.30813
-1.30813
-2.32191
-2.82449
-2.82449
-2.10565
-2.10565
-2.10565
-2.10565
-2.10565
-2.10565
-2.14427
-2.14427
-2.14427
-2.14427
-3.94911
-3.34183
-3.79935
-3.79935
-4.1334
-4.67227
-2.25221
-1.94594
-1.94594
-1.94594
-1.85595
-2.12916
-2.12916
-1.44061
-1.44061
-1.44061
-1.44061
-1.44061
-1.44061
-1.61066
-2.21935
-1.87453
-1.87453
-1.87453
-1.42238
-1.42238
-1.04715
-1.04715
-1.04715
-1.04715
-1.04715
-1.27701
-2.11697
-5.29448
-6.75803
-3.58786
-1.23837
-1.23837
-1.23837
-0.904099
-0.904099
-0.904099
-1.10434
-1.10434
-1.10434
-1.10434
-1.00403
-1.03181
-1.95176
-1.95176
-1.63593
-1.63593
-1.63593
-1.89156
-2.14455
-1.66977
-1.66977
-3.18211
-3.18211
-2.10159
-3.0348
-5.73213
-5.53366
-5.53366
-4.98229
-4.98229
-5.30945
-3.83902
-3.9258
-3.9258
-3.41878
-3.41878
-3.41878
-3.96753
-4.33321
-4.35042
-3.83659
-1.57139
-1.57139
-1.48041
-1.46512
-2.69565
-2.42519
-2.42519
-2.42519
-1.48555
-1.22219
-1.22219
-1.22219
-1.22219
-1.22219
-1.22219
-1.22219
-1.22219
-1.22219
-2.04461
-3.47294
-2.88935
-3.35858
-3.97475
-3.97475
-5.37834
-5.47028
-5.00251
-5.00251
-3.36253
-2.2064
-1.7335
-1.7335
-1.7335
-2.86964
-2.86964
-2.86964
-2.86964
-0.923889
-0.923889
-0.923889
-1.64314
-1.64314
-0.84151
-0.84151
-0.84151
-1.37427
-1.79027
-1.79027
-1.79027
-1.79027
-1.79027
-2.52421
-4.70122
-5.05306
-4.4122
-4.21687
-3.74574
-4.70949
-6.94554
-6.94554
-6.85152
-6.85152
-3.37622
-1.22919
-1.22919
-1.22919
-1.22919
-0.866161
-0.866161
-0.866161
-0.866161
-0.866161
-1.65851
-1.50057
-1.50057
-1.50057
-1.50057
-4.32303
-4.32303
-3.73485
-3.73485
-3.0254
-3.0254
-2.71607
-5.48635
-7.98067
-8.4619
-7.51753
-4.96736
-4.96736
-3.98535
-2.16057
-2.16057
-3.32673
-3.32673
-3.32673
-3.32673
-3.32673
-2.937
-1.28686
-1.21939
-2.27613
-2.27613
-2.68628
-2.68628
-0.870985
-0.870985
-0.870985
-1.33978
-1.33978
-1.33978
-1.90186
-1.90186
-1.90186
-1.90186
-1.90186
-3.01301
-3.01301
-3.48498
-2.87992
-2.51883
-2.51883
-2.51883
-2.91633
-3.69223
-3.78013
-1.88023
-3.18585
-3.18585
-3.18585
-2.75674
-1.91817
-1.85835
-1.11369
-3.0036
-3.0036
-3.0036
-3.0036
-1.03034
-1.03034
-1.13913
-1.52025
-1.52025
-1.52025
-1.52025
-1.52025
-1.52025
-1.52025
-1.52025
-4.89881
-4.89881
-1.03457
-1.03457
-1.03457
-1.03457
-3.19926
-3.19926
-2.59999
-2.59999
-1.0122
-1.0122
-1.37129
-1.37129
-1.37129
-1.37129
-1.37129
-1.59543
-1.70986
-1.8031
-1.75511
-1.75511
-1.92862
-1.83041
-1.83041
-1.83041
-1.83041
-2.58534
-4.72953
-4.72953
-3.28068
-3.28068
-3.28068
-3.28068
-2.14905
-4.40934
-4.96032
-1.13337
-1.0045
-1.0045
-1.0045
-1.84681
-1.84681
-1.84681
-1.69311
-1.69311
-1.47226
-1.47226
-2.72982
-2.72982
-2.72982
-2.72982
-1.69932
-1.69932
-1.69932
-1.56812
-1.56812
-5.5245
-5.35063
-2.17577
-2.04978
-2.04978
-2.25548
-1.63956
-2.31062
-2.91072
-2.91072
-2.62117
-3.05411
-3.05411
-2.3104
-2.3104
-2.3104
-2.3104
-2.3104
-2.3104
-2.13708
-2.6567
-2.6567
-2.70911
-2.70911
-2.41241
-2.41241
-2.685
-2.685
-2.685
-2.685
-2.73708
-2.73708
-2.53884
-2.53884
-5.43606
-5.43606
-2.22236
-2.22236
-2.04435
-2.04435
-2.04435
-2.04435
-2.04435
-2.04435
-2.04435
-2.04435
-3.04666
-3.04666
-5.14987
-4.77383
-0.742356
-2.13515
-2.13515
-2.13515
-2.13515
-2.13515
-2.27196
-2.27196
-2.27196
-2.27196
-2.27196
-2.27196
-2.27196
-2.27196
-3.84214
-3.0853
-2.46895
-2.46895
-2.46895
-7.34172
-7.58633
-4.79466
-3.35311
-3.18953
-3.18953
-3.40048
-5.21562
-3.67997
-3.67997
-3.67997
-3.88655
-5.91372
-4.0941
-1.87399
-2.48286
-2.48286
-2.48286
-2.48286
-2.49655
-3.15169
-2.70945
-2.70945
-2.70945
-2.22039
-2.22778
-2.22778
-2.22778
-2.22778
-2.58419
-2.58419
-2.66614
-4.44669
-4.33744
-1.05189
-1.05189
-1.05189
-1.05189
-1.05189
-0.761828
-0.761828
-1.38292
-1.98887
-8.45534
-9.21948
-6.64199
-6.64199
-6.64199
-6.64199
-2.30655
-2.30655
-2.30655
-2.02381
-2.02381
-2.02381
-2.02381
-1.61941
-1.61941
-1.61941
-1.61941
-1.61941
-1.61941
-1.61941
-1.61941
-1.61941
-3.30591
-3.30591
-3.49132
-3.49132
-4.82747
-4.82747
-0.908285
-0.890482
-0.890482
-1.60445
-1.60445
-1.60445
-1.60445
-1.60445
-1.60445
-1.49307
-1.49307
-0.243543
-0.466433
-0.466433
-1.33452
-1.33452
-1.33452
-1.33452
-1.46512
-1.46512
-0.944856
-1.83305
-1.83305
-2.40797
-2.40797
-1.88208
-1.73997
-1.73997
-3.24177
-3.24177
-3.67527
-4.23715
-3.3885
-3.3885
-3.3885
-3.3885
-3.3885
-2.85945
-1.43855
-0.994483
-1.29472
-0.633711
-0.633711
-0.638429
-2.02009
-2.02009
-1.19117
-2.21178
-2.21178
-4.28212
-3.57551
-4.81049
-5.96607
-1.94492
-2.00418
-2.00418
-2.75159
-2.47676
-2.13936
-3.15726
-2.84014
-2.84014
-2.84014
-2.84014
-1.9244
-1.9244
-2.78109
-2.81086
-2.59057
-3.34978
-2.93452
-2.13252
-1.49135
-1.49135
-2.71456
-2.71456
-2.17803
-2.17803
-2.17803
-2.17803
-2.17803
-2.17803
-2.17803
-2.28525
-2.28525
-2.28525
-2.28525
-3.11859
-4.49819
-2.65558
-1.68103
-1.68103
-1.68103
-1.68103
-1.68103
-1.68103
-1.1235
-1.1235
-1.1235
-1.1235
-1.1235
-1.61798
-0.839077
-0.620116
-0.620116
-0.620116
-0.620116
-1.46416
-1.46416
-1.44219
-1.44219
-1.44219
-1.44219
-1.44219
-1.44219
-2.16921
-2.16921
-3.44075
-3.64499
-0.499822
-1.41615
-1.41615
-1.29923
-1.29923
-0.506104
-1.23651
-1.67951
-1.67951
-1.67951
-0.813281
-0.813281
-0.813281
-1.68762
-1.68762
-1.68762
-1.68762
-1.68762
-2.04253
-1.45425
-1.45425
-1.45425
-3.89962
-3.29311
-2.09232
-2.76569
-2.76569
-2.76569
-2.76569
-2.25206
-4.01747
-4.01747
-4.01747
-4.01747
-4.01747
-3.73501
-1.19
-2.70564
-2.70564
-2.70564
-2.70564
-2.70564
-2.70564
-1.01701
-1.01701
-1.88676
-1.88676
-2.03422
-2.03422
-2.03422
-2.31637
-2.31637
-5.46187
-5.65485
-2.41025
-2.41025
-2.31815
-1.7773
-4.36889
-4.36889
-5.71541
-5.71541
-1.65139
-3.12429
-3.12429
-3.39557
-3.39557
-3.23491
-3.23491
-3.23491
-3.23491
-3.23491
-3.23491
-2.08742
-2.08742
-1.34732
-1.34732
-4.78033
-4.5181
-4.4652
-4.50574
-5.75174
-5.75174
-5.75174
-5.75174
-1.72474
-1.72474
-1.85502
-2.0406
-2.0406
-2.0406
-2.39035
-2.39035
-2.39035
-2.57469
-3.48397
-3.36038
-1.62669
-1.62669
-1.5855
-1.5855
-3.19663
-3.19663
-0.953813
-0.987597
-2.66486
-2.38341
-3.0812
-4.56381
-4.56381
-3.34937
-2.03907
-2.03907
-1.16753
-3.56164
-4.50195
-3.14139
-3.14139
-2.06814
-2.06814
-2.06814
-2.06814
-2.06814
-1.66273
-2.37045
-1.77345
-1.77345
-2.65723
-2.65723
-3.41096
-5.58501
-5.87812
-4.24124
-2.72442
-0.990553
-6.20538
-6.20538
-6.20538
-6.20538
-1.62295
-1.62295
-1.62295
-1.36429
-1.36429
-1.36429
-1.36429
-2.97075
-2.40458
-2.40458
-2.40458
-2.40458
-2.40458
-0.8793
-0.8793
-0.8793
-0.608426
-0.608426
-0.608426
-0.608426
-0.608426
-0.93978
-0.93978
-0.93978
-2.40792
-3.07788
-3.07788
-3.07788
-4.47595
-6.30978
-6.30978
-6.30978
-3.51873
-3.51873
-5.47258
-5.47258
-5.47258
-5.82854
-4.0141
-1.74067
-1.74067
-1.74067
-1.74067
-1.55021
-1.93961
-3.23115
-3.23115
-3.23115
-2.85544
-2.85544
-4.80618
-2.70102
-2.05051
-2.05051
-2.05051
-3.68446
-3.68446
-3.68446
-3.68446
-3.52689
-3.52689
-3.52689
-2.33619
-2.33619
-2.20895
-1.53289
-1.53289
-1.53289
-1.62142
-1.50127
-1.50127
-1.50127
-3.28571
-3.63872
-1.22421
-3.12375
-3.12375
-4.52342
-4.52342
-1.98528
-3.43001
-3.43001
-3.04591
-4.5215
-4.64485
-4.64485
-4.64485
-2.27213
-3.08161
-2.86196
-2.86196
-2.86196
-3.03367
-3.03367
-1.76827
-1.86179
-1.86179
-2.23537
-2.23537
-1.85344
-1.85344
-1.85344
-3.19052
-4.74206
-4.74206
-4.74206
-4.46977
-4.46977
-4.46977
-2.4256
-3.11927
-3.11927
-1.72842
-1.72842
-1.72842
-1.72842
-1.02542
-1.02542
-1.02542
-1.02542
-0.658224
-0.658224
-0.658224
-1.35014
-1.35014
-1.35014
-1.35014
-2.00614
-2.00614
-2.00614
-2.00614
-5.14308
-5.14308
-0.408759
-0.408759
-0.66671
-0.66671
-1.40164
-1.40164
-0.651667
-3.84291
-3.84291
-3.84291
-6.91818
-5.54888
-4.57905
-4.57905
-4.57905
-3.34825
-3.34825
-3.34825
-2.05933
-2.05933
-2.05933
-2.05933
-2.05933
-2.72664
-2.72664
-3.76811
-4.62363
-4.62363
-4.62363
-5.56458
-5.56458
-4.9774
-4.9774
-4.9774
-4.80464
-3.84797
-3.84797
-2.01377
-4.06376
-4.06376
-1.63706
-3.16625
-4.77749
-4.77749
-1.79705
-0.513479
-0.513479
-0.513479
-2.59358
-2.59358
-4.19948
-4.19948
-3.9313
-3.9313
-1.63534
-1.63534
-1.23314
-1.7518
-1.54759
-1.54759
-1.54759
-1.54759
-1.54759
-1.54759
-1.54759
-0.764172
-1.27859
-1.27859
-3.85319
-3.85319
-2.26671
-2.30528
-2.82121
-2.82121
-1.5127
-1.5127
-2.65292
-2.65292
-0.646231
-3.39326
-3.39326
-1.08553
-3.31773
-3.31773
-4.70667
-4.70667
-2.77584
-2.77584
-2.77584
-2.77584
-2.67141
-2.67141
-3.934
-3.934
-3.934
-3.934
-3.934
-5.70149
-2.91592
-2.00452
-1.77784
-1.31729
-1.31729
-2.4011
-2.4011
-2.4011
-3.07577
-2.80713
-2.80713
-6.07687
-6.07687
-3.41574
-3.41574
-2.25406
-2.25406
-1.27733
-1.11495
-1.11495
-1.18976
-1.18976
-0.680439
-0.59432
-0.59432
-2.36418
-2.36418
-3.5075
-3.93125
-3.93125
-3.93125
-3.93125
-5.09098
-3.68445
-1.84628
-1.84628
-1.84628
-1.84628
-3.73185
-3.73185
-4.2412
-4.2412
-4.2412
-4.2412
-4.41395
-2.92009
-1.78678
-1.78678
-1.78678
-1.83607
-4.41423
-4.41423
-5.73219
-5.73219
-0.337945
-0.337945
-0.337945
-0.337945
-0.337945
-0.337945
-1.08447
-1.08447
-1.08447
-2.47677
-3.55219
-4.06339
-4.31531
-3.32932
-1.72078
-4.81271
-4.81271
-4.81271
-4.99895
-2.34601
-2.34601
-2.09325
-2.04683
-1.39304
-1.39304
-1.39304
-1.39304
-1.39304
-1.39304
-1.39304
-2.64988
-2.4082
-5.24355
-5.24355
-2.87995
-2.87995
-2.38404
-2.38404
-1.52352
-1.52352
-1.55418
-1.12607
-1.12607
-1.12607
-1.12607
-1.12607
-6.05339
-7.79283
-4.8644
-4.50458
-3.22719
-3.22719
-3.22719
-3.22719
-3.22719
-3.22719
-3.22719
-3.22719
-4.75722
-4.75722
-4.75722
-4.32494
-7.16767
-7.65605
-3.06024
-4.86006
-4.86006
-5.22289
-3.96525
-2.13782
-2.13782
-1.1763
-1.1763
-1.1763
-1.1763
-1.00524
-1.00524
-1.58302
-1.54889
-1.11319
-1.11319
-3.14452
-3.53215
-3.53215
-3.53215
-2.43288
-2.43288
-1.54594
-1.43366
-1.3313
-1.3313
-1.77387
-1.577
-3.49885
-3.49885
-1.71235
-1.71235
-1.71235
-1.71235
-1.08205
-1.00937
-1.00937
-3.06909
-3.54562
-3.54562
-3.54562
-1.8729
-1.8729
-1.8729
-1.80274
-1.60675
-3.53151
-3.53151
-1.00717
-2.37728
-3.421
-3.421
-3.421
-2.85226
-3.80677
-3.47798
-1.85484
-5.04012
-6.59198
-4.30898
-4.05795
-7.07061
-5.37014
-4.44955
-4.44955
-0.810304
-1.95257
-1.95257
-1.95257
-1.95257
-2.18427
-2.18427
-1.25116
-1.25116
-2.59135
-2.59135
-3.11545
-3.11545
-3.11545
-3.11545
-3.11545
-3.11545
-4.28024
-4.28024
-3.05287
-5.60601
-5.34579
-3.09874
-0.858919
-2.30057
-2.30057
-6.31661
-6.31661
-2.77659
-3.74236
-2.13716
-1.25746
-1.25746
-1.25746
-0.499211
-0.499211
-0.499211
-1.52323
-1.52323
-0.88171
-1.8769
-1.8769
-1.8769
-1.8769
-1.8769
-1.8769
-3.75741
-3.77172
-1.34821
-4.53181
-4.53181
-1.1102
-1.1102
-1.1102
-1.1102
-0.856398
-0.856398
-0.856398
-3.27766
-3.27766
-1.96104
-2.28273
-1.77584
-1.77584
-1.77584
-1.77584
-1.77584
-4.2908
-4.2908
-6.46866
-6.48914
-6.48914
-8.5939
-8.90343
-7.11555
-2.30165
-1.01838
-1.11869
-1.11869
-1.11869
-1.11869
-3.19778
-3.19778
-0.355157
-1.57809
-1.57809
-1.52128
-1.52128
-1.52128
-1.52128
-1.52128
-1.52128
-1.53179
-1.53179
-1.53179
-2.80236
-2.80236
-2.80236
-2.80236
-2.80236
-2.80236
-2.80236
-5.39543
-5.39543
-2.57048
-2.57048
-2.57048
-2.57048
-2.57048
-2.31947
-2.31947
-2.31947
-1.92545
-1.92545
-3.45712
-3.05639
-3.05639
-3.05639
-3.05639
-3.05639
-2.49198
-2.25812
-2.25812
-2.25812
-3.40978
-7.04116
-7.04116
-5.49537
-8.29502
-7.88285
-3.83323
-5.31116
-4.55512
-1.91448
-1.91448
-3.50421
-3.71309
-4.13368
-5.14519
-2.56894
-2.56894
-2.56894
-2.56894
-3.64321
-3.64321
-5.78473
-5.78473
-2.88883
-2.88883
-2.88883
-4.08382
-4.08382
-5.06624
-4.54254
-1.58507
-1.58507
-1.45607
-1.45607
-1.34285
-1.34285
-1.40517
-3.029
-3.029
-2.46568
-2.46568
-2.46568
-1.69536
-1.69536
-1.69536
-2.10178
-2.23263
-1.35199
-1.35199
-2.97385
-3.18697
-3.18697
-2.83839
-3.16496
-3.16496
-3.0556
-3.0556
-5.46129
-5.46129
-5.16952
-5.16952
-5.4726
-5.4726
-3.69175
-3.69175
-3.81603
-5.06627
-5.06627
-4.34218
-3.38972
-2.77332
-0.786727
-0.786727
-0.738667
-0.738667
-1.79758
-1.79758
-1.79758
-2.77737
-2.77737
-2.77737
-2.77737
-2.77737
-3.47919
-3.47919
-2.35207
-3.23158
-3.23158
-1.74743
-3.27444
-2.94947
-2.92405
-2.92405
-0.998109
-1.68876
-2.10536
-2.10536
-3.41026
-3.41026
-1.88743
-1.88743
-1.88743
-1.88743
-1.88743
-1.88743
-2.16054
-2.16054
-2.16054
-2.64687
-2.28416
-4.5012
-10.5744
-7.43862
-1.29661
-1.70347
-1.70347
-1.70347
-1.70347
-1.70347
-1.79316
-1.79316
-1.79316
-1.79316
-1.33644
-1.33644
-1.33644
-1.33644
-1.33644
-1.33644
-4.097
-5.29588
-3.44725
-2.655
-2.655
-2.655
-2.655
-3.82136
-5.5707
-5.64514
-7.44335
-7.44335
-7.44335
-5.41701
-5.36447
-5.36447
-3.16301
-3.16301
-2.48457
-2.48457
-1.45787
-1.45787
-1.5637
-1.38061
-1.38061
-1.38061
-1.38061
-1.38061
-0.830512
-0.830512
-0.830512
-1.72063
-1.72063
-1.83292
-1.83292
-2.84739
-2.84739
-1.59774
-1.59774
-3.35602
-3.35602
-3.35602
-3.93973
-3.93973
-5.87797
-7.47434
-5.83553
-2.06759
-3.08069
-3.08069
-2.08511
-2.44675
-2.31311
-3.23265
-3.23265
-3.23265
-2.35478
-2.35478
-2.38954
-2.38954
-2.38954
-1.20082
-1.20082
-1.20082
-1.20082
-1.20082
-1.20082
-1.39337
-1.39337
-1.79065
-1.79065
-1.58739
-1.58739
-0.735549
-0.735549
-0.735549
-0.735549
-0.735549
-1.30817
-2.20907
-2.63114
-2.63114
-2.31622
-2.31622
-2.53112
-2.76305
-1.67208
-0.235078
-0.235078
-1.61
-1.61
-1.08348
-3.60324
-3.84433
-2.91449
-4.60103
-5.03211
-5.03211
-4.03331
-4.03331
-4.06993
-4.06993
-4.07683
-6.16429
-5.23266
-4.3811
-4.3811
-1.95473
-3.82352
-3.82352
-1.97796
-1.97796
-1.97796
-1.97796
-1.97796
-2.23087
-2.23087
-1.69179
-3.42773
-3.40413
-3.40413
-3.40413
-4.12005
-4.12005
-3.86307
-2.48834
-3.24404
-3.24404
-4.48649
-4.48649
-1.95462
-1.95462
-1.95462
-2.82397
-2.82397
-2.82397
-2.82397
-4.4
-5.2411
-5.2411
-5.2411
-5.04573
-5.23927
-4.78577
-4.78577
-5.50555
-4.19795
-4.19795
-4.04558
-5.52756
-5.82206
-5.82206
-4.82773
-3.83026
-3.29298
-0.40576
-0.40576
-4.9049
-4.9049
-1.42255
-1.42255
-1.33734
-1.33734
-1.21405
-2.36467
-2.36467
-1.27172
-1.27172
-1.27172
-1.27172
-1.27172
-1.27172
-1.11505
-4.0939
-4.0939
-4.13077
-4.13077
-1.41486
-2.74213
-2.74213
-2.70987
-3.00662
-3.16385
-3.78369
-2.98613
-2.41763
-2.12474
-2.12474
-2.12474
-1.9725
-1.9725
-0.849509
-1.78684
-1.78684
-1.78684
-1.78684
-0.498607
-0.956159
-0.956159
-0.956159
-0.956159
-0.956159
-0.956159
-4.41246
-5.43674
-1.477
-0.470525
-0.470525
-0.470525
-0.470525
-0.470525
-0.470525
-0.470525
-0.470525
-0.470525
-2.98023
-3.31184
-3.31184
-3.31184
-3.31184
-5.47756
-5.47756
-7.363
-6.2024
-6.11402
-6.11402
-5.39868
-5.39868
-4.129
-4.28089
-2.30881
-2.30881
-2.30881
-2.53293
-2.53293
-2.53293
-2.53293
-2.68452
-4.75656
-8.91798
-10.0012
-8.69601
-7.3791
-7.28054
-5.36117
-5.5855
-6.54807
-6.73886
-6.66104
-3.00496
-1.81946
-1.50381
-1.50381
-1.29363
-1.29363
-1.53004
-1.53004
-2.77003
-2.77003
-2.77003
-2.77003
-9.91014
-11.6465
-6.41392
-6.00008
-4.44798
-4.44798
-2.67916
-3.5263
-3.5263
-2.10481
-2.0131
-4.85352
-4.91472
-4.22785
-4.22785
-2.83498
-2.6525
-2.6525
-2.6525
-2.6525
-2.30101
-1.2873
-1.2873
-1.78749
-2.54565
-2.47393
-1.30547
-1.00692
-1.0988
-0.454572
-0.454572
-2.22638
-2.22638
-2.10217
-2.31657
-3.21653
-3.21653
-1.26121
-1.26121
-1.08734
-1.08734
-1.08734
-1.32417
-1.32417
-0.667716
-0.667716
-0.960278
-1.28639
-1.28639
-1.28639
-1.28639
-1.28639
-1.28639
-1.73295
-1.73295
-1.73295
-1.73295
-1.73295
-1.73295
-1.25473
-2.86464
-2.86464
-3.44474
-3.44474
-2.25078
-2.25078
-1.23253
-1.70824
-2.49808
-1.93049
-1.17505
-1.17505
-1.17505
-3.16408
-3.77461
-2.00918
-1.64273
-1.40377
-1.40377
-1.40377
-1.40377
-1.40377
-0.867844
-0.867844
-0.867844
-1.61334
-1.61334
-0.550353
-2.0434
-2.0434
-0.563238
-1.3148
-1.3148
-1.3148
-1.3148
-3.34171
-3.34171
-3.01502
-3.01502
-3.01502
-4.77849
-4.64995
-4.64468
-2.07323
-0.716448
-0.716448
-0.253263
-2.25465
-3.55499
-3.49367
-3.49367
-3.49367
-3.49367
-2.65641
-1.84749
-0.682118
-0.145611
-0.145611
-3.26508
-3.26508
-1.98503
-2.88528
-2.88528
-3.16319
-2.48876
-3.36958
-3.36958
-3.36958
-3.36958
-3.36958
-4.95018
-4.95018
-6.05151
-9.22476
-6.90839
-2.75948
-2.75948
-2.75948
-2.75948
-2.75948
-1.90601
-1.90601
-1.90601
-2.15336
-2.15336
-2.15336
-2.15336
-3.00827
-3.00827
-3.00827
-3.89334
-4.0017
-3.38058
-1.54359
-1.54359
-1.54359
-2.05352
-2.17877
-4.34667
-4.34667
-2.99243
-2.91076
-2.91076
-2.52917
-2.52917
-2.52917
-2.40725
-3.81625
-3.63629
-2.2187
-2.17402
-4.42745
-4.68828
-4.68828
-3.75085
-4.875
-4.875
-6.50084
-6.50084
-3.22492
-2.06627
-2.06627
-2.61412
-2.61412
-2.61412
-2.61412
-2.1463
-2.1463
-2.86977
-2.86977
-3.86655
-3.25954
-4.25825
-3.78993
-4.26058
-4.26058
-4.26058
-4.26058
-1.4209
-1.4209
-2.4359
-2.4359
-1.16819
-1.16819
-1.16819
-1.16819
-2.30829
-2.52738
-2.52738
-3.30561
-3.30561
-2.74193
-3.71815
-3.71815
-2.44482
-2.44482
-1.72553
-0.774791
-2.89408
-4.09298
-4.09298
-4.50396
-3.89905
-3.89905
-7.69919
-6.8606
-6.8606
-7.60774
-1.89787
-1.37244
-1.37244
-1.52352
-1.52352
-0.63367
-0.63367
-0.63367
-0.63367
-0.63367
-0.63367
-0.904533
-0.904533
-0.904533
-0.904533
-0.904533
-0.904533
-0.904533
-0.904533
-0.904533
-0.904533
-0.467673
-0.87176
-0.87176
-1.48412
-1.48412
-1.48412
-1.48412
-1.48412
-3.35438
-2.60665
-3.44432
-3.3555
-1.56268
-1.56268
-1.56268
-1.56268
-1.56268
-1.92742
-1.92742
-1.92742
-1.92742
-1.92742
-1.92742
-1.92742
-1.68712
-1.76222
-1.76222
-4.10471
-3.58215
-2.47734
-2.47734
-2.47734
-2.47734
-1.18533
-1.18533
-1.09255
-1.09255
-1.09255
-1.75776
-1.75776
-1.72557
-1.72557
-1.72557
-1.72557
-1.72557
-2.89203
-3.36631
-2.14582
-3.63493
-3.63493
-2.87286
-2.87286
-0.950846
-3.35446
-4.05394
-1.80443
-4.78443
-4.78443
-7.61946
-7.61946
-7.38061
-7.39317
-1.31701
-1.31701
-2.01111
-2.01111
-2.01111
-1.67839
-1.27187
-1.27187
-0.703135
-5.91699
-5.91699
-5.91699
-5.91699
-1.40213
-1.5591
-1.5591
-1.5591
-1.27944
-1.27944
-5.4759
-5.4759
-5.51082
-5.49962
-0.783973
-0.783973
-0.783973
-0.783973
-0.783973
-0.783973
-0.783973
-0.783973
-0.783973
-0.424645
-0.424645
-0.424645
-0.503669
-0.503669
-0.503669
-1.13609
-3.82452
-5.48043
-5.48043
-5.48043
-4.94042
-2.83177
-2.83177
-2.83177
-2.26417
-2.26417
-2.04103
-6.45307
-6.45307
-5.01892
-5.01892
-1.72369
-0.550203
-1.16556
-1.16556
-1.16556
-1.43692
-5.11779
-7.76154
-4.80526
-3.76109
-3.76109
-4.48419
-6.81508
-4.38384
-4.38384
-5.30202
-5.30202
-3.87808
-3.36616
-3.66911
-3.76511
-4.95831
-3.52319
-4.37108
-4.04541
-5.08957
-4.40677
-1.75587
-1.96617
-1.96617
-1.96617
-1.96617
-1.96617
-1.45102
-0.664032
-0.664032
-0.664032
-0.664032
-0.664032
-0.664032
-0.664032
-0.664032
-0.664032
-0.664032
-0.664032
-0.664032
-0.939093
-0.939093
-1.93019
-1.93019
-1.93019
-1.93019
-2.01707
-2.01707
-1.73163
-1.96287
-1.96287
-2.45887
-2.02399
-2.42671
-2.42671
-1.72661
-1.72661
-1.72661
-1.72661
-1.20912
-1.39537
-1.39537
-1.39537
-2.78008
-2.78008
-1.27068
-1.37072
-2.42817
-1.85516
-1.85516
-1.46801
-1.46801
-1.46801
-0.48103
-2.04746
-2.04746
-1.43006
-1.43006
-1.02701
-1.02701
-1.21005
-2.20125
-1.61916
-1.61916
-1.61916
-1.61916
-1.61916
-1.61916
-1.61916
-1.20205
-1.20205
-1.28673
-1.28673
-2.24963
-3.5005
-3.50045
-3.50045
-3.50045
-3.50045
-3.50045
-3.50045
-3.50045
-3.50045
-3.08278
-3.05826
-4.79769
-5.08785
-5.08785
-3.25731
-5.47318
-5.47318
-1.2724
-2.8757
-3.39241
-3.39241
-3.33311
-2.8895
-1.67622
-0.859966
-0.859966
-0.859966
-0.859966
-0.859966
-0.859966
-2.97039
-2.93798
-2.93798
-6.6532
-6.6532
-4.64052
-2.92435
-2.92435
-2.92435
-2.44431
-2.65908
-2.65908
-2.65908
-2.65908
-6.69167
-8.30458
-5.79023
-3.0293
-1.05654
-1.05654
-0.728078
-0.728078
-1.85729
-1.85729
-1.85729
-1.85729
-1.85729
-1.66103
-2.14224
-2.14224
-2.14224
-2.84065
-1.75371
-5.27525
-5.51113
-5.51113
-5.51113
-3.71687
-6.79948
-6.79948
-4.53468
-3.29947
-4.2381
-4.2381
-5.42497
-4.87753
-2.08189
-2.68833
-3.4364
-3.4364
-3.4364
-2.71211
-2.80558
-2.80558
-3.15273
-4.32222
-2.74532
-3.69541
-3.69541
-3.69541
-3.69541
-2.06199
-2.06199
-2.06199
-2.06199
-1.94781
-2.26549
-2.26549
-3.01068
-3.9184
-3.4328
-3.28291
-5.4498
-3.64373
-4.75578
-4.75578
-0.372379
-1.22244
-1.22244
-1.22244
-1.22244
-2.27921
-2.34323
-1.64107
-1.64107
-1.64107
-5.22338
-5.52199
-4.76591
-4.37127
-1.69532
-3.04116
-3.04116
-3.04116
-3.04116
-1.83259
-1.83259
-0.651075
-0.651075
-0.651075
-0.687425
-0.750431
-1.14503
-1.14503
-1.04188
-1.5353
-3.11347
-3.11347
-4.05537
-4.2096
-7.68739
-9.21851
-6.91598
-4.87471
-3.94752
-3.94752
-3.48245
-4.39504
-4.39504
-4.93547
-4.11078
-4.11078
-4.19866
-3.9077
-3.9077
-2.60152
-2.46537
-2.21834
-2.21834
-2.21834
-0.737114
-2.37203
-2.37203
-1.24014
-0.759454
-0.759454
-1.78109
-1.78109
-1.95905
-2.27497
-2.11288
-2.11288
-4.60113
-4.60113
-1.33398
-1.33398
-1.00961
-1.00961
-1.3134
-1.3134
-1.3134
-1.3134
-1.3134
-2.04558
-2.04558
-2.04558
-2.04558
-2.04558
-2.04558
-2.04558
-2.04558
-1.96754
-2.45136
-1.39396
-1.39396
-1.55283
-1.55283
-1.4225
-2.85902
-3.73067
-3.21113
-4.30745
-4.30745
-4.30745
-2.95771
-2.95771
-2.95771
-2.95771
-2.95771
-3.40767
-4.78823
-6.30895
-5.22755
-4.23097
-4.23097
-3.57379
-3.53795
-3.53795
-3.53795
-1.41872
-3.21175
-3.21175
-2.11466
-3.84027
-3.13269
-2.51298
-2.51298
-2.51298
-2.51298
-1.7187
-1.02967
-1.02967
-1.02967
-1.02967
-2.01908
-2.08456
-2.08456
-2.30783
-2.30783
-2.30783
-2.30783
-2.1672
-2.55298
-2.85797
-3.07882
-4.54781
-3.71412
-2.95886
-2.49323
-2.49323
-2.49323
-2.49323
-2.49323
-2.54325
-6.22198
-6.22198
-3.9484
-2.22765
-2.22765
-1.88483
-2.83418
-2.83418
-2.83053
-2.83053
-0.945534
-0.945534
-1.08217
-1.08217
-0.733568
-0.733568
-0.17812
-0.17812
-1.66291
-3.23334
-3.23334
-3.23334
-3.23334
-2.74261
-2.28357
-1.46429
-0.992706
-0.992706
-0.992706
-0.992706
-1.11684
-1.11684
-1.11684
-1.11684
-1.11684
-1.11684
-1.11684
-1.11684
-1.11684
-1.11684
-1.11684
-1.11684
-1.11684
-1.64639
-1.64639
-1.64639
-1.69209
-1.10025
-1.10025
-1.10025
-1.10025
-1.10025
-1.10025
-1.10025
-0.320851
-0.320851
-0.703834
-0.703834
-3.15931
-3.15931
-3.15931
-3.15931
-2.33567
-2.33567
-2.33567
-2.16531
-2.16531
-2.59378
-0.759845
-0.759845
-0.759845
-0.759845
-0.759845
-2.94056
-2.94056
-1.91964
-1.91964
-0.270834
-0.270834
-1.01236
-1.01236
-2.71599
-3.87322
-3.87322
-3.87322
-1.85316
-1.85316
-1.85316
-1.85316
-1.98054
-2.2048
-4.32853
-4.32853
-3.50095
-3.50095
-3.50095
-2.85984
-2.83923
-2.83923
-2.83923
-4.27577
-4.27577
-4.61572
-4.61572
-4.61572
-2.95058
-0.862171
-0.862171
-1.51094
-3.05941
-3.61875
-3.61875
-3.61875
-3.61875
-2.11124
-2.42944
-2.42944
-2.42944
-2.42944
-1.4122
-3.22984
-3.22984
-3.422
-3.422
-1.81738
-1.53914
-1.53914
-1.53914
-1.71686
-1.71686
-1.76634
-3.22585
-2.77239
-2.77239
-2.77239
-1.88616
-3.66016
-3.66016
-3.66016
-3.66016
-3.26786
-3.26786
-3.26786
-3.26786
-3.26786
-2.98957
-2.98957
-2.98957
-4.64377
-4.64377
-4.11961
-5.22934
-5.04689
-4.38156
-2.71233
-2.71233
-2.71233
-2.71233
-2.3255
-1.15587
-0.799597
-0.799597
-0.799597
-0.799597
-0.921739
-0.921739
-0.921739
-0.852173
-2.21349
-2.21349
-1.16123
-1.48328
-1.48328
-3.37602
-3.72219
-3.72219
-4.5506
-4.50444
-4.64441
-2.53696
-1.83065
-2.88297
-1.71445
-3.37325
-3.37325
-5.75295
-5.75295
-0.517725
-1.1148
-1.1148
-1.1148
-1.1148
-1.1148
-2.64457
-2.64457
-1.04964
-0.891484
-0.891484
-2.84116
-4.03469
-3.342
-3.342
-4.70972
-4.34105
-4.30835
-4.33668
-2.7307
-2.7307
-2.19112
-2.19112
-2.19112
-1.23474
-0.8868
-1.93865
-1.93865
-1.7161
-1.7161
-1.25183
-2.02794
-2.02794
-2.02794
-2.02794
-2.60619
-3.41902
-3.41902
-3.67972
-4.64844
-4.64844
-4.64844
-5.4326
-6.60385
-8.61654
-5.17208
-1.58514
-1.58514
-1.73163
-1.73163
-1.73163
-1.73163
-1.02
-1.02
-1.02
-1.02
-1.96448
-1.71692
-1.71692
-1.71692
-1.71692
-3.20495
-3.76276
-3.00755
-3.00755
-2.30893
-0.900646
-0.900646
-0.900646
-0.900646
-6.20717
-6.77221
-6.92884
-6.92884
-4.14085
-4.14085
-4.14085
-3.81026
-1.12416
-1.12416
-1.12416
-0.580293
-0.580293
-0.580293
-2.34468
-2.34468
-1.08874
-1.02447
-1.02447
-0.916234
-2.22403
-2.22403
-0.863538
-0.863538
-0.957823
-0.957823
-0.957823
-1.50295
-1.50295
-1.78606
-1.78606
-2.76244
-2.76244
-2.76244
-2.76244
-2.89333
-2.89333
-2.89333
-2.47266
-2.47266
-2.47266
-2.47266
-2.9257
-2.9257
-2.75643
-2.75643
-2.9677
-5.8618
-5.8618
-2.93547
-2.93547
-2.93547
-3.05899
-1.23069
-2.26681
-2.26681
-1.53598
-4.78587
-4.78587
-1.83563
-0.956438
-0.956438
-1.0421
-0.851122
-0.851122
-2.0096
-3.69364
-3.55808
-2.66647
-2.66647
-2.66647
-3.30187
-3.30187
-1.85393
-1.85393
-1.85393
-1.77587
-3.24717
-2.86499
-1.52689
-1.52689
-1.52689
-5.75357
-5.75357
-3.09649
-3.09649
-3.31672
-3.31672
-1.34957
-2.90057
-2.90057
-2.87389
-2.87389
-2.0379
-2.0379
-2.0379
-2.0379
-2.0379
-2.55767
-2.55767
-2.55767
-2.55767
-2.55767
-4.0566
-3.96022
-2.51824
-3.47946
-3.47946
-2.06914
-2.06914
-2.06914
-2.05259
-3.41475
-3.41475
-2.7355
-2.7355
-1.7177
-1.14505
-1.14505
-2.2521
-2.2521
-2.2521
-2.2521
-2.2521
-2.2521
-2.28325
-2.28325
-3.1896
-3.1896
-2.61376
-2.61376
-1.73879
-1.73879
-1.57788
-1.57788
-3.58479
-3.58479
-3.79463
-8.37132
-4.8595
-2.62371
-2.86744
-0.926739
-0.926739
-0.926739
-0.926739
-1.02292
-1.02292
-1.0104
-1.0104
-1.0104
-1.0104
-1.5701
-1.5701
-1.0172
-1.0172
-1.97312
-1.97312
-0.899394
-0.933043
-4.40181
-4.40181
-2.62945
-6.30188
-5.06808
-1.93359
-1.93359
-1.93359
-1.93359
-1.94805
-1.33225
-1.84942
-1.84942
-2.21136
-2.21136
-2.58733
-2.58733
-2.58733
-3.13457
-4.15897
-4.15897
-4.15897
-4.15897
-4.15897
-4.69593
-5.73911
-5.73911
-4.73846
-4.2134
-2.14142
-2.14142
-1.21172
-1.21172
-1.21172
-0.224088
-0.224088
-2.28705
-2.28705
-2.85472
-2.85472
-0.486807
-0.481091
-0.481091
-0.481091
-0.481091
-0.556809
-0.556809
-1.81394
-2.27209
-3.88805
-4.34589
-2.84026
-2.84026
-5.55126
-5.55126
-5.97378
-5.97378
-1.83892
-1.35057
-1.35057
-0.857487
-0.857487
-0.857487
-2.37756
-2.37756
-1.04191
-1.04191
-1.28405
-1.28405
-0.449252
-0.449252
-0.449252
-0.449252
-1.0052
-1.0052
-1.0052
-1.93433
-1.66633
-1.66633
-2.95614
-2.39369
-1.53339
-1.53339
-1.46054
-1.46054
-1.46054
-3.46182
-3.46182
-3.67737
-5.54415
-5.54415
-4.75898
-4.70981
-4.99982
-4.99982
-4.25923
-3.98127
-3.98127
-3.98127
-3.32109
-3.28717
-4.67557
-4.67557
-4.93092
-3.20697
-3.77792
-3.77792
-2.93668
-2.93668
-3.77841
-3.77841
-1.93104
-1.93104
-1.93104
-3.92774
-3.92774
-1.85325
-1.85325
-1.53539
-1.53539
-1.53539
-1.64315
-1.64315
-3.07206
-3.19576
-3.04284
-3.04284
-5.12361
-5.53443
-4.55064
-4.55064
-4.55064
-4.55064
-1.45879
-0.768659
-1.71584
-1.71584
-1.71584
-1.80847
-1.41932
-1.41932
-0.813726
-0.813726
-0.813726
-0.813726
-0.813726
-0.813726
-3.14978
-3.14978
-3.833
-5.47756
-4.27506
-4.27506
-4.27506
-4.27506
-4.2879
-4.2879
-4.13886
-3.66772
-4.44654
-4.66972
-2.12665
-1.42701
-1.42701
-1.42701
-1.56086
-1.56086
-2.90283
-3.39025
-4.76878
-4.76878
-3.07216
-4.39544
-4.39544
-3.4523
-4.11559
-2.56582
-2.12479
-2.12479
-0.877518
-0.877518
-0.877518
-0.877518
-0.877518
-0.877518
-2.10129
-2.10129
-2.01972
-2.01972
-2.01972
-2.01972
-2.54845
-2.62819
-0.802188
-0.802188
-0.894167
-2.30872
-3.30486
-3.30486
-3.30486
-2.55273
-1.96294
-1.96294
-1.9215
-1.9215
-1.28054
-1.28054
-1.97962
-1.68986
-1.68986
-1.68986
-0.866206
-0.866206
-1.18837
-1.17626
-1.17626
-0.848825
-3.23014
-3.11205
-3.11205
-3.11205
-3.11205
-3.11205
-3.11205
-3.11205
-3.11205
-3.11205
-3.11205
-3.11205
-3.11205
-4.79693
-2.81344
-4.436
-3.99022
-2.43588
-3.79753
-4.22603
-4.22603
-3.13375
-3.36828
-3.36828
-3.36828
-4.90492
-4.28165
-3.34957
-3.34957
-2.73097
-2.73097
-2.73097
-3.7041
-3.7041
-3.44954
-3.44954
-2.22028
-2.22028
-2.6139
-3.27925
-4.65893
-4.65893
-4.65893
-4.65893
-3.45243
-2.63905
-4.93631
-4.93631
-2.0875
-2.0875
-2.19239
-1.60727
-1.60727
-1.22302
-2.96901
-2.96901
-2.96901
-2.96901
-2.96901
-4.78655
-3.51177
-3.48999
-3.48999
-1.80221
-4.87399
-4.87399
-5.12179
-5.12179
-2.63274
-2.63274
-5.19828
-5.19828
-5.19828
-5.8527
-3.21501
-3.90098
-5.88418
-5.02153
-2.39394
-2.72445
-1.45766
-1.45766
-1.45766
-1.45766
-2.60095
-2.60095
-2.60095
-2.62684
-3.86245
-3.86245
-2.09469
-2.09469
-2.70383
-2.70383
-2.14009
-1.54945
-2.38597
-2.38597
-1.67661
-3.9367
-5.11044
-4.97104
-4.14032
-4.14032
-3.75277
-1.53729
-1.02195
-1.02195
-1.02195
-1.02195
-1.02195
-1.02195
-0.910705
-0.959028
-1.28557
-3.16235
-3.16235
-3.16235
-3.16235
-1.62217
-3.10418
-2.51548
-1.27367
-1.27367
-1.0568
-1.0568
-0.774058
-0.774058
-0.774058
-2.38063
-2.38063
-1.86066
-1.86066
-1.86066
-2.54624
-2.5264
-2.5264
-2.04649
-2.04649
-2.04649
-1.25809
-2.15794
-2.15794
-0.983367
-0.983367
-0.983367
-0.983367
-0.878484
-5.24186
-5.53895
-5.53895
-5.53895
-6.30271
-5.98248
-6.20645
-7.56563
-2.80531
-2.80531
-2.91687
-2.91687
-2.68187
-2.68187
-5.41506
-4.77964
-5.93725
-5.93725
-3.01399
-3.09097
-3.09097
-3.46802
-3.46802
-3.46802
-2.19045
-2.19045
-2.19045
-2.19045
-2.19085
-2.88878
-2.88878
-3.59306
-3.59306
-0.770733
-1.6408
-1.6408
-1.6408
-1.6408
-2.38654
-2.38654
-2.38654
-2.38654
-2.38654
-2.38654
-2.38654
-2.38654
-0.643556
-2.21098
-2.21098
-1.97222
-4.59336
-5.24098
-4.23246
-4.23246
-5.76928
-5.51143
-5.51143
-4.06028
-4.06028
-5.98263
-5.35614
-5.72462
-5.72462
-5.36016
-3.32385
-3.26363
-3.49977
-4.72248
-6.10019
-5.67188
-3.37082
-3.72818
-4.31789
-2.89043
-3.33728
-1.39053
-1.23079
-1.23079
-1.23079
-1.23079
-0.261674
-2.32936
-2.32936
-1.19471
-1.19471
-0.245335
-0.245335
-0.245335
-0.245335
-2.49322
-2.49322
-1.33692
-1.33692
-1.33692
-1.33692
-1.33692
-1.33692
-1.23786
-1.23786
-1.30796
-1.30796
-1.30796
-1.30796
-1.30796
-1.30796
-4.84146
-4.84146
-1.66988
-1.66988
-0.285221
-1.74429
-1.74429
-1.74429
-3.75622
-2.82982
-0.709351
-1.34204
-1.34204
-1.34204
-1.34204
-0.696109
-0.696109
-0.696109
-0.696109
-0.696109
-0.696109
-0.696109
-0.696109
-6.14186
-6.14186
-4.1321
-5.78077
-5.17996
-3.50391
-1.50132
-1.50132
-1.65512
-1.90504
-1.90504
-1.90504
-1.90504
-1.90504
-1.47359
-1.57585
-1.57585
-1.64439
-1.22137
-2.78956
-2.78956
-3.66956
-3.66956
-3.66956
-3.22201
-2.24961
-2.24961
-0.717901
-1.15338
-1.02544
-3.25693
-3.25693
-0.810183
-0.810183
-0.810183
-0.810183
-1.45778
-1.45778
-2.836
-2.59175
-2.59175
-2.59175
-0.333372
-0.333372
-0.333372
-0.333372
-0.45009
-0.45009
-3.22026
-3.22026
-2.73594
-2.73594
-1.88262
-1.88262
-1.88262
-1.88262
-1.60286
-1.60286
-1.98251
-1.98251
-1.98251
-1.98251
-0.634123
-0.634123
-0.634123
-0.634123
-0.634123
-1.69947
-1.69947
-1.69947
-1.69947
-1.23991
-0.708689
-0.708689
-0.708689
-0.708689
-1.4511
-1.45176
-2.07716
-3.49321
-3.49321
-4.43003
-3.88262
-2.47854
-2.47854
-2.47854
-2.23445
-1.62024
-1.25831
-0.956886
-1.16818
-1.02575
-1.02575
-1.02575
-1.02575
-0.811988
-0.702723
-0.702723
-0.702723
-0.673959
-0.673959
-0.673959
-1.16054
-1.24161
-1.24161
-1.24161
-1.24161
-0.935309
-2.38399
-3.10764
-3.10764
-3.10764
-1.91262
-1.71529
-1.71529
-1.71529
-1.71529
-1.71529
-2.44674
-2.44674
-1.96592
-4.96312
-4.96312
-3.85876
-3.38562
-1.37557
-1.019
-1.019
-1.67511
-1.67511
-1.67511
-1.67511
-1.67511
-1.67511
-1.3109
-1.3109
-1.58049
-1.58049
-3.43845
-3.73686
-4.76061
-5.30556
-6.31053
-6.31053
-2.95132
-2.95132
-2.95132
-5.18354
-5.48271
-5.48271
-4.05648
-1.1189
-1.1189
-2.86164
-2.86164
-3.43481
-6.08942
-6.08942
-4.26577
-4.26577
-4.26577
-3.48281
-3.14632
-1.25194
-1.25194
-1.25194
-1.19226
-1.19226
-1.10374
-1.10374
-1.10374
-1.10374
-1.10374
-1.10374
-1.10374
-1.10374
-0.388466
-0.388466
-0.388466
-0.388466
-1.04443
-0.818848
-1.36841
-3.19532
-3.19532
-3.19532
-2.48998
-1.06601
-1.06601
-2.0284
-2.0284
-2.34031
-2.68763
-2.68763
-4.02172
-4.02172
-4.02172
-3.12671
-3.12671
-5.34881
-5.3852
-6.05803
-6.05803
-3.62019
-1.90013
-1.90013
-2.20815
-2.5371
-3.34543
-3.34543
-3.34543
-3.34543
-3.34667
-3.34667
-3.34667
-3.14187
-2.40032
-2.40032
-2.40032
-2.98646
-2.42764
-1.26291
-1.18058
-0.875111
-0.875111
-0.875111
-0.875111
-0.875111
-0.875111
-0.875111
-0.875111
-0.875111
-0.875111
-1.63693
-1.63693
-1.05169
-1.45676
-2.46471
-2.80416
-3.17446
-3.17446
-3.17446
-3.17446
-3.55163
-3.55163
-3.55163
-3.55163
-1.81047
-3.71661
-3.71661
-3.71661
-3.71661
-5.53682
-6.9588
-3.60339
-3.60339
-3.60339
-2.71404
-2.9547
-2.9547
-2.9547
-2.9547
-2.9547
-2.9547
-2.483
-1.55816
-1.55816
-1.55816
-3.31762
-3.31762
-0.612496
-2.55872
-2.55872
-1.7631
-1.8787
-1.8787
-1.8787
-1.93125
-1.93125
-3.19078
-3.19078
-2.85735
-2.85735
-2.85735
-2.85735
-0.56681
-0.56681
-0.56681
-0.56681
-0.761844
-2.53317
-2.53317
-1.17416
-1.61424
-1.61424
-0.896622
-0.776176
-0.776176
-0.776176
-0.776176
-0.776176
-0.776176
-0.812205
-0.812205
-1.62809
-1.62809
-1.75257
-1.75257
-2.54863
-2.54863
-1.96393
-3.76854
-3.76854
-2.31851
-2.31851
-2.31851
-2.31851
-2.31851
-2.31851
-2.31851
-1.96593
-1.96593
-1.96593
-2.58877
-2.58877
-1.75602
-1.75602
-1.75602
-1.75602
-1.75602
-1.75602
-3.86968
-4.14567
-4.14567
-3.45357
-3.45357
-3.21246
-3.21246
-3.21246
-3.21246
-3.21246
-3.21246
-3.21246
-3.21246
-2.91421
-2.85284
-2.85284
-2.46801
-3.1507
-3.1507
-3.1507
-1.67201
-1.67201
-1.67201
-1.67201
-1.87051
-1.87051
-1.87051
-1.87051
-1.87051
-1.87051
-4.09741
-4.06743
-3.08966
-6.82376
-6.82376
-4.44393
-6.25295
-6.25295
-3.97637
-9.49625
-9.49625
-1.74048
-1.36901
-1.36901
-1.70255
-1.70255
-3.48075
-3.48075
-1.62007
-1.62007
-2.7461
-3.182
-1.46631
-1.46631
-1.46631
-1.48137
-0.821224
-0.821224
-0.821224
-0.155264
-1.38297
-1.38297
-1.38297
-1.38297
-0.355084
-0.355084
-1.45685
-2.51208
-2.51208
-3.20547
-3.20547
-4.09821
-4.09821
-4.09821
-5.73104
-4.07464
-4.07464
-4.73214
-4.73214
-4.73214
-4.73214
-4.3877
-2.71309
-2.71309
-2.71309
-2.71309
-3.52588
-3.52588
-3.52588
-4.43419
-4.43419
-4.43419
-4.03004
-8.18605
-8.18605
-4.12449
-4.12449
-4.36395
-4.17436
-4.17436
-3.56001
-3.56001
-3.32771
-1.56148
-1.56148
-1.56148
-2.61224
-2.6067
-2.6067
-2.6067
-2.6067
-1.91508
-1.91508
-1.91508
-2.06964
-2.56301
-3.15422
-4.63139
-5.39118
-5.39118
-3.79379
-4.87827
-4.87827
-5.03937
-7.14674
-5.7549
-2.53965
-2.91194
-2.91194
-2.91194
-3.10598
-3.63113
-3.63113
-2.68818
-2.68818
-1.05328
-1.05328
-1.05328
-2.20955
-2.20955
-1.71992
-1.71992
-1.71992
-1.68586
-1.37804
-1.37804
-1.37804
-1.37804
-1.37804
-1.37804
-1.08162
-0.875596
-0.875596
-1.12386
-0.940204
-0.616269
-0.616269
-5.11346
-5.11346
-2.01986
-2.98757
-3.67279
-2.47629
-0.802338
-1.7069
-1.7069
-2.31548
-5.78838
-5.78838
-3.0995
-3.0995
-3.0995
-1.30722
-1.30722
-1.83407
-1.83407
-1.83407
-3.44422
-3.44422
-3.44422
-3.59379
-1.11828
-2.49687
-4.50402
-5.19442
-3.87366
-3.87366
-3.87366
-3.56665
-3.48441
-2.2013
-2.15654
-3.78019
-3.69897
-3.69897
-3.69897
-5.32251
-5.32251
-5.32251
-5.32251
-2.51085
-2.51085
-0.926614
-0.926614
-0.926614
-0.926614
-0.891411
-0.891411
-0.891411
-0.598118
-2.13129
-2.89725
-2.89725
-4.11164
-4.42927
-5.75527
-4.74991
-3.53194
-3.53194
-3.25486
-3.25486
-3.25486
-3.25486
-4.22929
-4.58858
-2.09505
-2.83877
-3.17367
-3.17367
-3.11719
-1.34487
-0.597537
-0.597537
-1.29692
-1.29692
-1.29692
-1.29692
-1.18686
-2.45736
-2.2406
-2.27122
-2.13636
-1.79509
-1.44777
-1.44777
-1.34344
-1.34344
-2.84419
-4.1191
-3.45559
-1.89477
-2.26961
-2.26961
-1.55078
-3.30497
-4.56327
-4.93171
-6.65054
-5.44506
-5.50211
-5.50211
-2.27203
-2.82245
-2.82245
-2.82245
-2.82245
-1.44354
-1.44354
-1.94595
-1.94595
-1.94595
-1.94595
-1.94595
-1.94595
-1.64907
-1.51843
-1.51843
-1.51843
-2.88341
-2.85946
-2.85946
-2.85946
-2.60488
-4.49679
-4.49679
-4.49679
-4.49679
-4.49679
-4.49679
-5.69918
-5.69918
-5.72435
-5.72435
-3.10508
-2.56386
-2.56386
-4.50652
-4.50652
-1.73344
-1.03149
-1.03149
-2.40279
-3.12621
-3.12621
-3.23642
-3.23642
-3.23642
-3.65718
-3.65718
-3.65718
-3.65718
-2.89277
-5.75171
-5.75171
-5.75171
-4.92383
-2.15276
-2.15276
-2.62608
-2.62608
-2.42949
-2.42949
-1.17403
-1.17403
-1.17403
-1.17403
-2.39171
-2.63589
-1.31179
-1.31179
-1.26839
-1.26839
-1.26839
-1.26839
-2.30398
-3.04617
-2.75793
-2.75793
-1.7602
-2.73647
-2.81088
-2.81088
-2.81088
-5.45112
-5.45112
-5.45112
-5.45112
-1.26759
-1.26759
-1.26487
-1.26487
-2.11808
-2.4863
-3.79462
-3.79462
-4.39797
-4.39797
-2.25898
-4.78797
-6.67187
-4.31962
-1.8648
-4.99727
-4.84017
-2.87816
-4.03586
-4.03586
-2.71462
-2.71462
-2.71462
-1.80619
-1.80619
-0.583834
-1.29485
-2.38287
-1.48586
-0.796418
-1.69299
-1.69299
-2.02523
-2.02523
-2.02523
-2.02523
-2.02523
-2.02523
-1.84496
-2.11013
-2.91201
-2.91201
-1.38856
-1.10015
-1.10015
-3.23009
-3.23009
-4.83143
-4.29074
-3.12274
-3.12274
-2.0768
-2.0768
-2.92876
-3.21018
-3.1306
-3.1306
-0.454317
-0.300138
-0.300138
-1.13996
-1.13996
-0.547556
-0.547556
-0.547556
-0.547556
-1.41932
-4.25275
-3.09246
-2.23552
-2.23552
-2.23552
-2.23552
-0.780994
-0.780994
-0.780994
-1.33772
-2.06715
-2.06715
-2.06715
-4.25771
-4.25771
-4.25771
-3.22038
-3.68515
-3.68515
-3.68515
-3.68515
-3.68515
-3.71702
-1.9349
-1.95194
-1.95194
-2.72221
-3.17063
-3.17063
-3.54955
-3.54955
-3.54955
-5.5107
-5.5107
-5.20043
-5.18215
-6.38703
-5.39948
-5.39948
-4.63998
-3.6454
-6.2991
-5.75085
-4.53555
-2.87762
-1.09956
-1.9139
-1.9139
-1.34226
-1.34226
-1.34226
-1.39092
-1.39092
-2.75045
-2.75045
-3.13607
-3.13607
-2.7398
-2.7398
-2.7398
-2.7398
-4.02771
-4.02771
-4.0643
-4.30543
-1.86224
-1.86224
-1.86224
-1.86224
-2.69945
-1.82282
-1.82282
-3.39802
-3.39802
-3.39802
-3.2159
-3.37185
-3.37185
-3.37185
-3.20221
-3.87767
-3.20543
-3.19976
-3.19976
-3.19976
-3.12802
-3.12802
-4.4214
-4.4214
-4.4214
-4.4214
-4.25342
-4.25342
-4.25342
-4.25342
-4.25342
-4.25342
-3.46159
-4.60943
-5.31444
-3.46739
-4.59732
-4.59732
-3.32808
-2.03571
-2.93392
-2.93392
-2.61682
-2.61682
-2.61682
-3.17903
-2.764
-4.47599
-4.62233
-4.0566
-4.0566
-2.17829
-1.50888
-1.50888
-1.50888
-1.50888
-1.50888
-1.50888
-2.11876
-1.64464
-1.64464
-2.60965
-2.60965
-2.17654
-1.89063
-1.7869
-1.7869
-3.73441
-3.73441
-3.73441
-4.67138
-3.89974
-3.06832
-5.03161
-4.66666
-1.75614
-1.75614
-3.2592
-3.2592
-3.2592
-3.36203
-3.36203
-3.12501
-3.57437
-3.57437
-1.45846
-1.45846
-1.45846
-2.80788
-2.80788
-2.69631
-2.69631
-2.69631
-2.69631
-2.69631
-2.5277
-2.12305
-1.78415
-1.78415
-3.0171
-3.0171
-3.0171
-3.0171
-3.0171
-1.8718
-3.79451
-3.79451
-7.43122
-7.43122
-2.0033
-2.82831
-2.74859
-3.32758
-3.32758
-2.40819
-2.4926
-2.4926
-2.4926
-2.4926
-2.4926
-2.4926
-3.60622
-4.68993
-4.45234
-4.45234
-4.45234
-4.88101
-2.67658
-1.80867
-1.80867
-2.3756
-2.3756
-2.64626
-4.55182
-2.34629
-0.720758
-0.720758
-2.22837
-2.22837
-0.392364
-0.392364
-0.392364
-0.392364
-0.392364
-0.392364
-0.392364
-0.392364
-0.392364
-1.47938
-1.47938
-1.12402
-1.12402
-0.727446
-1.08058
-1.08058
-1.08058
-1.64995
-1.64995
-2.67519
-3.44736
-2.02392
-5.20711
-5.20711
-2.59634
-6.67883
-6.67883
-4.45027
-4.45027
-4.45027
-4.45027
-6.51923
-8.39107
-7.40201
-7.40201
-7.40201
-5.80751
-2.88919
-1.88978
-1.88978
-2.46188
-2.46188
-1.60733
-1.60733
-1.52297
-3.95375
-3.95375
-3.95375
-5.4544
-3.62901
-2.10441
-2.10441
-1.53684
-1.14555
-1.14555
-0.737599
-0.737599
-0.737599
-0.737599
-0.737599
-0.737599
-0.737599
-1.60666
-1.60666
-1.95066
-1.95066
-7.05357
-7.98877
-3.30698
-4.41706
-4.41706
-1.93365
-1.93365
-1.93365
-2.91253
-5.78636
-6.58021
-5.27312
-5.43086
-5.43086
-2.01532
-2.01532
-2.01532
-2.01532
-2.18646
-2.18646
-2.18646
-2.18646
-2.18646
-2.52179
-3.27429
-1.48465
-1.32476
-1.32476
-1.0809
-2.51461
-2.0971
-2.0971
-2.0971
-2.83888
-2.89919
-3.01435
-5.8969
-5.8969
-7.03886
-7.03886
-3.95403
-2.84932
-3.85865
-3.45053
-3.45053
-4.35168
-4.35168
-2.49407
-5.23717
-5.23717
-4.54312
-4.54312
-4.39178
-4.85771
-2.98595
-2.98595
-0.765883
-0.82016
-0.82016
-2.39743
-2.37897
-2.37897
-2.37897
-2.37897
-2.37897
-7.0069
-7.0069
-2.87883
-2.87883
-2.87883
-3.58074
-3.58074
-5.06899
-3.87988
-1.96762
-1.97899
-2.20768
-2.20768
-2.20768
-2.20768
-2.20768
-2.20768
-2.39985
-5.81723
-5.81723
-3.8625
-3.8625
-1.49531
-0.970962
-0.970962
-1.27594
-1.27594
-2.95838
-2.95838
-2.98986
-2.98986
-3.75649
-3.75649
-4.75722
-4.75722
-1.02888
-1.02888
-1.02888
-1.02888
-1.02888
-1.02888
-1.02888
-1.02888
-2.91112
-2.91112
-2.62676
-2.36626
-2.36626
-2.36626
-2.36626
-6.72584
-6.27906
-6.27906
-6.33399
-3.66295
-3.66295
-3.66295
-3.3936
-3.3936
-3.08244
-2.12687
-2.12687
-2.12687
-3.97336
-7.65469
-5.9177
-4.65038
-5.67655
-3.06728
-3.06728
-3.06728
-1.72848
-1.72848
-4.54602
-5.11241
-3.43373
-3.43373
-3.43373
-2.76335
-2.29667
-2.29667
-2.29667
-2.29667
-3.71222
-3.71222
-4.0784
-4.36758
-3.50016
-3.50016
-3.95107
-3.95107
-3.95107
-3.90416
-3.06753
-3.88183
-2.93865
-2.61424
-2.61424
-2.61424
-2.61424
-2.61424
-2.61424
-2.61424
-2.15502
-2.15502
-3.48068
-3.48068
-3.0528
-2.6325
-3.5578
-2.87184
-2.87184
-2.87184
-2.87184
-3.35235
-3.35235
-3.35235
-4.51167
-4.51167
-1.24357
-1.24357
-1.24357
-0.553682
-0.553682
-0.553682
-0.553682
-0.553682
-1.02975
-1.02975
-1.02975
-1.02975
-1.02975
-1.02975
-0.386697
-0.380984
-0.380984
-0.380984
-0.887054
-0.887054
-0.887054
-0.887054
-0.887054
-0.887054
-0.887054
-3.39696
-3.39696
-3.39696
-3.39696
-3.39696
-5.56939
-4.62758
-4.69822
-3.74756
-3.57393
-4.46048
-4.46048
-4.50286
-4.50286
-3.20004
-1.23251
-1.23251
-1.83511
-1.83511
-1.71678
-1.71678
-1.40734
-2.35225
-2.35225
-2.35225
-2.35225
-2.35225
-2.1404
-2.1404
-2.1404
-1.2546
-1.2546
-1.2546
-1.2546
-1.2546
-1.2546
-1.2546
-1.2546
-2.85907
-2.70485
-5.11597
-5.11597
-1.56341
-1.56341
-1.21328
-1.21328
-1.21328
-1.21328
-1.42165
-1.42165
-1.42165
-1.42165
-1.42165
-1.29718
-1.29718
-1.29718
-3.03434
-3.29752
-1.24689
-1.24689
-1.24689
-1.24689
-1.24689
-1.24689
-1.98513
-1.9941
-2.19472
-1.53334
-1.53334
-1.53334
-1.53334
-1.53334
-1.57399
-1.57399
-1.57399
-1.57399
-0.373367
-2.20401
-2.20401
-2.20401
-2.20401
-2.20401
-4.59829
-4.3646
-4.3646
-4.3646
-3.92818
-3.77518
-6.00411
-4.67063
-0.809064
-0.809064
-1.16119
-1.16119
-3.95981
-5.19198
-2.92493
-2.92493
-2.68819
-2.68819
-1.93818
-4.49647
-5.31885
-5.31885
-5.31885
-2.57036
-1.98003
-4.03056
-4.59611
-3.72213
-3.72213
-4.357
-4.357
-3.85805
-3.85805
-3.85805
-4.401
-3.68079
-3.5951
-3.22602
-2.13883
-1.37524
-1.37524
-1.37524
-1.37524
-2.27823
-3.93949
-2.85646
-3.37833
-4.27196
-1.93627
-1.93627
-1.93627
-1.93627
-2.12919
-0.938439
-0.938439
-0.938439
-0.938439
-4.35556
-4.35556
-5.81971
-6.67284
-6.1125
-6.1125
-3.4179
-2.43941
-3.0347
-3.39695
-4.08852
-4.08852
-2.09977
-2.09977
-2.40244
-4.27185
-4.30987
-4.30987
-3.54418
-3.54418
-3.54418
-3.54418
-3.54418
-3.24796
-3.10436
-5.79578
-7.2711
-7.2711
-7.2711
-3.29002
-3.29002
-3.09651
-2.27971
-2.27971
-2.27971
-2.78123
-2.78123
-2.78123
-6.45007
-6.45007
-2.51075
-2.51075
-4.07916
-3.6106
-2.5486
-2.5486
-1.22614
-1.13433
-1.13433
-2.30022
-2.94672
-1.37998
-1.12766
-1.12766
-1.12766
-1.32465
-0.969667
-0.969667
-0.969667
-1.78637
-1.78637
-1.78637
-1.78637
-1.88164
-3.09833
-2.53204
-3.26309
-3.26309
-2.80136
-5.60392
-4.73393
-1.11637
-1.11637
-1.82955
-1.82955
-1.75974
-1.75974
-1.74416
-1.91991
-2.51325
-2.57442
-2.57442
-2.57442
-2.57442
-2.57442
-2.57442
-2.27547
-1.59856
-1.33402
-1.28726
-1.28726
-0.741753
-0.741753
-0.565858
-1.82061
-1.82061
-1.82061
-1.82061
-1.82061
-1.82061
-1.90949
-1.90949
-1.90949
-2.23172
-2.23172
-2.23172
-1.83756
-3.95123
-3.50447
-3.79252
-3.79252
-3.79252
-4.63015
-4.63015
-4.63015
-4.4231
-7.12289
-4.60771
-2.75897
-4.40063
-5.29398
-5.12692
-2.77389
-2.26614
-3.20331
-5.15171
-4.38884
-7.27972
-6.95029
-7.38606
-7.38606
-9.47136
-9.47136
-5.0171
-4.12771
-1.37504
-1.37504
-1.37504
-3.02313
-3.98783
-3.98783
-3.98783
-4.73862
-3.32592
-4.10729
-4.10729
-1.49559
-1.49559
-1.49559
-1.64015
-1.64015
-1.64015
-1.54494
-1.54494
-1.54494
-2.27553
-1.90275
-1.62824
-2.20464
-2.20464
-2.41301
-2.41301
-2.41301
-1.54386
-5.67928
-5.67928
-4.26204
-6.57386
-6.57386
-4.23455
-5.52463
-5.52463
-3.93587
-3.93587
-3.93587
-3.93587
-0.676573
-0.676573
-0.839119
-0.839119
-0.839119
-0.839119
-0.839119
-0.839119
-0.839119
-0.839119
-0.839119
-0.77698
-1.81619
-4.09003
-4.09003
-4.39243
-3.26611
-3.26611
-4.75361
-2.54776
-1.71234
-1.71234
-1.88103
-1.36588
-1.36588
-1.36588
-1.36588
-1.51835
-1.61541
-1.61541
-3.40309
-3.86845
-5.56781
-5.65178
-4.29573
-4.29573
-4.29573
-4.29573
-2.86721
-3.78634
-3.78634
-3.58202
-3.30883
-7.33276
-7.33276
-4.73997
-4.1462
-4.25062
-3.98051
-2.93891
-2.21087
-1.73789
-5.64732
-4.27038
-4.97996
-4.97996
-4.38857
-4.38857
-1.43528
-1.43528
-1.08903
-4.91031
-4.91031
-6.62795
-6.62795
-0.938274
-0.938274
-0.98379
-1.70468
-1.70468
-1.70468
-1.82768
-1.82768
-1.82768
-1.82768
-1.82768
-2.96037
-2.96037
-0.381922
-0.524036
-0.524036
-0.603249
-0.603249
-0.603249
-0.603249
-1.04474
-1.04474
-1.04474
-1.04474
-1.04474
-2.46937
-2.46937
-2.46937
-4.29382
-2.99452
-2.99452
-3.16163
-0.578027
-0.578027
-1.25094
-1.25094
-1.25094
-1.25094
-1.25094
-1.34416
-1.34416
-1.96534
-1.96534
-2.22385
-3.09515
-3.09515
-3.1689
-3.07792
-3.07792
-3.07792
-2.79796
-2.79796
-2.79796
-3.01871
-2.46651
-2.46651
-4.57467
-5.34246
-5.52427
-5.45833
-4.4512
-4.4512
-2.9486
-2.9486
-3.07374
-2.50026
-3.00592
-3.00592
-3.03545
-3.03545
-3.03545
-3.03545
-2.0403
-1.03258
-1.03258
-0.787627
-0.787627
-1.34707
-1.42677
-1.42677
-1.42677
-1.7326
-1.7326
-1.7326
-2.12348
-2.12348
-2.55232
-2.55232
-2.55232
-2.77803
-2.77803
-4.53396
-10.398
-9.19526
-5.06265
-4.00461
-2.25305
-2.25305
-2.25305
-2.25305
-2.25305
-2.25305
-2.25305
-2.25305
-2.25305
-2.25305
-2.25305
-2.54412
-2.26937
-2.26937
-6.03237
-6.03237
-2.47365
-1.63576
-1.63576
-1.63576
-0.608362
-1.20187
-1.20187
-1.20187
-2.99842
-4.67897
-4.67897
-2.23714
-1.07041
-1.51966
-1.51966
-2.93714
-2.93714
-1.1395
-1.1395
-1.1395
-1.1395
-1.1395
-2.86684
-2.86684
-0.562356
-0.562356
-0.562356
-0.562356
-0.562356
-0.562356
-0.562356
-0.562356
-0.562356
-0.562356
-1.32507
-1.32507
-1.32507
-1.50948
-0.969418
-0.969418
-0.969418
-0.969418
-3.0717
-3.0717
-3.0717
-5.13703
-5.13703
-4.73652
-3.63269
-1.73205
-1.34445
-1.34445
-1.34445
-1.34445
-2.93734
-2.93734
-6.69237
-6.69237
-4.07263
-4.07263
-1.86841
-1.87411
-4.46079
-4.46079
-3.44931
-3.44931
-1.36538
-1.55449
-0.995367
-0.995367
-0.995367
-0.84483
-0.84483
-0.656535
-0.656535
-0.656535
-0.717097
-0.717097
-0.717097
-2.20492
-2.7268
-1.91227
-1.53268
-1.53268
-1.53268
-1.53268
-1.44792
-1.95795
-1.95795
-1.95795
-1.95795
-2.72671
-2.72671
-2.72671
-2.8303
-2.8303
-2.8303
-2.8303
-2.8303
-2.8303
-3.36893
-3.36893
-3.36893
-4.71156
-5.61421
-6.18662
-5.29118
-2.44123
-2.44123
-2.44123
-1.73973
-1.73973
-1.73973
-1.73973
-1.73973
-1.73973
-1.46348
-1.46348
-1.46348
-1.86333
-1.86333
-0.62476
-0.62476
-0.62476
-0.62476
-0.62476
-0.62476
-0.62476
-0.62476
-2.73848
-2.73848
-1.74668
-2.75682
-3.24223
-4.1319
-4.54527
-2.66425
-1.78463
-1.78463
-0.550193
-0.210269
-0.210269
-1.83787
-1.83787
-1.50527
-1.50527
-2.17986
-2.17986
-0.635322
-0.965557
-0.965557
-0.965557
-0.965557
-2.49509
-2.49509
-2.49509
-2.49509
-2.49509
-2.49509
-2.49509
-2.49509
-2.49509
-2.49509
-2.49509
-4.27981
-3.23966
-3.23966
-3.23966
-1.86837
-2.66496
-2.66496
-4.14971
-4.14971
-2.88503
-5.35256
-4.84457
-3.00731
-2.04811
-1.86725
-1.86725
-1.86725
-1.86725
-2.27988
-2.27988
-2.27988
-3.05686
-2.79721
-2.62749
-3.97103
-3.04559
-0.826839
-0.826839
-0.826839
-0.826839
-0.826839
-0.826839
-0.826839
-0.826839
-0.826839
-1.38085
-1.38085
-1.38085
-1.45332
-1.45332
-1.45332
-1.4778
-1.4778
-1.4778
-1.39773
-1.32121
-2.69574
-2.69574
-2.69574
-2.69574
-0.886194
-0.886194
-1.18395
-1.18395
-1.18395
-1.18395
-1.18395
-1.89096
-1.89096
-1.89096
-3.27783
-2.93582
-2.62431
-2.62431
-2.62431
-2.62431
-2.62431
-3.22829
-3.22829
-1.84298
-1.46923
-1.46923
-1.45826
-1.45826
-1.45826
-4.72906
-6.10929
-5.21332
-5.6731
-3.96861
-3.96861
-3.13789
-2.83968
-2.83968
-1.50719
-1.50719
-0.503004
-1.32592
-1.32592
-1.32592
-1.32592
-1.32592
-1.32592
-1.88233
-4.38516
-4.38516
-4.38516
-5.00441
-4.05356
-2.82721
-2.82721
-2.90568
-2.76132
-2.76132
-2.86486
-4.39867
-5.80938
-4.11361
-2.16062
-2.78115
-2.78115
-2.78115
-2.78115
-2.78115
-2.78115
-2.78115
-2.36986
-2.36986
-1.69737
-1.08222
-1.08222
-1.08222
-1.08222
-1.40483
-1.40483
-2.94527
-2.94527
-0.812089
-0.812089
-0.812089
-0.812089
-1.03801
-1.03801
-0.658171
-0.710433
-0.710433
-1.23282
-1.23282
-1.55508
-1.71048
-0.88231
-0.88231
-0.88231
-1.76468
-3.89605
-3.38192
-2.73068
-2.73068
-2.73068
-2.73068
-2.73068
-3.55458
-3.55458
-3.41854
-3.41854
-3.41854
-3.83567
-3.83567
-3.80392
-3.80392
-6.04389
-6.72244
-6.03413
-6.03413
-5.95884
-4.48867
-5.02668
-5.02668
-2.47265
-2.47408
-2.47408
-2.40695
-2.16381
-3.41068
-3.10895
-2.78734
-2.78734
-1.831
-1.831
-1.831
-1.831
-1.831
-3.43702
-3.10827
-2.83712
-2.83712
-2.15485
-2.15485
-1.01961
-1.01961
-1.59514
-1.59514
-1.59514
-1.59514
-0.561014
-0.561014
-0.561014
-0.591135
-0.591135
-0.886517
-2.16187
-2.56147
-2.22925
-1.78177
-2.93372
-2.71126
-2.71126
-2.71126
-2.85786
-2.85786
-2.3366
-2.3366
-1.06702
-1.06702
-1.06702
-1.06702
-1.06702
-1.06702
-0.7443
-2.62175
-3.72672
-3.72672
-2.64807
-2.92503
-2.92503
-1.34434
-2.04565
-3.31963
-3.31963
-1.135
-1.94674
-1.94674
-2.69967
-2.69967
-4.20313
-4.20313
-0.771856
-1.62014
-1.20212
-1.20212
-1.20212
-1.20212
-1.11419
-1.11419
-1.11419
-1.23699
-3.79798
-3.79798
-4.14224
-4.14224
-2.60689
-1.99388
-1.83087
-4.86654
-5.69133
-5.79239
-5.79239
-5.79239
-5.70844
-3.59007
-2.2974
-3.05508
-3.05508
-2.2138
-2.49414
-2.60364
-2.64895
-2.64895
-2.31871
-2.31871
-2.31871
-2.83887
-3.12541
-4.19004
-4.19004
-1.38814
-1.12293
-1.12293
-2.82085
-2.82085
-2.82085
-3.04052
-1.13347
-1.13347
-1.97053
-1.97053
-1.48862
-3.9564
-3.9564
-3.9564
-3.9564
-4.14642
-4.14642
-3.55305
-2.8369
-1.864
-1.864
-3.08608
-3.08608
-5.09595
-6.70897
-5.61446
-5.61446
-4.50186
-4.50186
-4.65476
-6.21935
-5.44329
-5.24505
-5.29965
-5.29965
-5.29965
-5.5232
-5.5232
-5.5232
-5.5232
-4.98096
-5.17436
-2.36695
-2.36695
-3.32562
-2.09829
-4.03457
-3.19439
-1.24976
-1.28875
-1.28875
-4.18235
-4.58936
-3.52467
-3.52467
-2.72793
-2.72793
-2.72793
-2.72793
-4.25596
-4.25596
-3.62994
-3.62994
-3.02454
-3.02454
-3.48011
-3.42589
-3.04437
-3.1672
-3.1672
-3.60889
-2.11856
-1.90543
-1.90543
-2.11944
-2.11944
-3.21667
-3.21667
-3.21667
-3.21667
-1.8979
-2.78477
-2.08447
-3.36748
-2.59989
-1.35615
-1.35615
-0.413091
-0.413091
-0.413091
-0.413091
-0.401279
-0.401279
-0.401279
-5.06465
-5.06465
-1.17244
-1.17244
-1.17244
-1.17244
-2.18463
-2.58404
-2.52486
-2.52486
-1.53217
-1.53217
-2.10195
-2.68001
-1.61639
-1.86166
-1.86166
-1.86166
-2.01073
-1.07312
-1.07312
-1.07312
-2.87056
-3.35545
-3.12062
-3.61608
-7.00051
-7.00051
-7.00051
-10.3507
-5.62814
-4.6043
-4.6043
-4.6043
-4.6043
-1.30763
-1.30763
-1.30763
-1.30763
-1.02659
-1.02659
-1.34524
-1.34524
-3.64341
-3.64341
-1.8751
-1.8751
-5.64212
-7.69719
-3.80154
-4.91194
-4.91194
-2.74328
-3.83625
-2.84559
-4.98005
-4.86738
-2.4761
-3.20948
-3.20948
-6.15971
-6.70438
-2.41964
-2.41964
-2.41964
-1.46338
-1.46338
-1.46338
-1.46338
-1.46338
-1.46338
-1.46338
-1.46338
-1.46338
-1.46338
-4.37348
-4.37348
-3.35404
-4.49519
-4.45669
-4.45669
-4.45669
-5.9025
-3.71318
-3.88293
-3.88293
-3.76076
-5.21686
-3.40077
-1.92736
-1.92736
-1.15552
-2.64149
-2.64149
-3.36613
-4.54954
-4.35948
-4.35948
-4.24349
-4.74719
-4.74719
-4.74719
-5.1977
-4.49203
-3.91509
-3.91509
-1.60738
-1.60738
-1.60738
-2.16401
-2.16401
-3.53572
-3.53572
-3.24636
-3.24636
-1.7052
-1.7052
-1.7052
-1.7052
-1.1632
-1.36578
-1.36578
-1.36578
-2.11216
-3.36213
-3.36213
-2.70394
-2.75018
-2.17867
-1.5508
-1.49909
-1.49909
-1.95514
-1.95514
-1.95514
-2.28752
-1.81422
-1.81422
-2.38756
-2.38756
-2.38756
-2.90458
-2.90458
-2.90458
-2.90458
-2.90458
-2.90458
-3.30469
-2.16836
-3.86324
-4.29475
-3.55188
-3.55188
-4.4995
-4.4995
-2.67183
-2.5294
-2.98914
-3.60098
-3.60098
-3.60098
-3.60098
-4.4746
-3.72412
-3.72412
-3.72412
-2.02125
-4.29481
-4.29481
-1.63685
-1.63685
-0.253466
-0.253466
-0.253466
-0.932586
-1.25077
-1.25077
-1.35667
-2.05375
-2.05375
-0.839414
-0.839414
-0.839414
-1.04361
-2.62637
-2.62637
-2.62637
-2.62637
-2.62637
-2.62637
-2.04037
-2.04037
-2.04037
-1.70754
-1.64064
-2.16569
-2.25815
-1.40541
-1.65655
-4.36297
-4.99008
-2.23206
-2.07319
-2.07319
-1.72344
-1.72344
-0.966029
-4.22678
-4.22678
-3.84317
-3.84317
-3.84317
-3.25825
-2.95449
-3.8838
-1.96822
-1.96822
-1.96822
-1.68617
-6.25548
-7.38041
-5.66651
-5.66651
-3.60955
-3.60955
-3.60955
-5.19928
-5.19928
-4.49281
-3.24574
-3.24574
-3.8457
-2.21577
-2.76101
-2.76101
-2.76101
-3.09715
-5.7427
-5.43563
-5.43563
-5.43563
-6.14634
-6.14634
-4.16011
-4.16011
-7.29658
-6.33586
-6.33586
-6.33586
-7.02357
-7.34301
-3.08432
-4.00644
-4.00644
-4.04896
-5.77171
-5.77171
-5.45249
-7.26921
-3.82962
-3.09944
-3.09944
-0.909841
-0.909841
-0.909841
-2.32168
-2.52488
-4.09589
-4.09589
-4.0574
-4.0574
-2.01723
-2.01723
-1.34788
-1.34788
-1.34788
-3.89702
-3.89702
-1.11251
-1.11251
-1.06021
-2.03251
-2.87407
-4.37883
-4.4479
-4.49782
-7.31417
-7.31417
-7.31417
-7.31417
-4.7454
-2.2471
-2.2471
-2.2471
-1.88737
-1.88737
-1.25095
-1.68594
-1.68594
-1.27225
-1.69861
-1.69861
-1.69861
-1.69861
-0.82178
-0.437382
-1.71564
-1.71564
-0.223798
-0.223798
-0.223798
-0.230801
-0.781932
-0.781932
-1.12015
-1.12015
-1.12015
-1.12015
-0.862779
-0.862779
-0.862779
-2.19563
-2.19563
-1.83323
-1.83323
-1.83323
-2.04687
-2.14579
-2.14579
-2.14579
-2.14579
-4.10964
-4.66161
-4.66161
-3.88586
-3.88586
-3.88586
-4.62961
-4.62961
-1.38773
-1.27292
-1.99897
-1.99897
-2.86858
-2.86858
-2.88078
-2.88078
-1.70582
-4.19616
-3.97128
-3.97128
-3.88555
-1.58253
-1.58253
-1.58253
-1.58253
-1.58253
-1.58253
-1.98444
-1.52995
-1.52995
-1.52995
-1.50049
-1.50049
-1.50049
-1.50049
-1.30326
-1.30326
-1.30326
-1.30326
-2.67171
-3.60225
-3.60225
-4.30255
-4.30255
-4.30255
-4.87787
-4.87787
-6.38412
-6.20649
-5.73618
-5.73618
-2.10104
-2.10104
-2.10104
-1.99381
-1.89368
-3.85317
-3.85317
-3.85317
-3.85317
-2.75448
-2.75448
-2.76868
-2.76868
-2.76868
-2.76868
-1.92077
-2.32854
-2.51479
-2.51479
-2.49163
-2.30538
-2.30538
-2.30538
-2.37679
-2.93235
-2.70729
-2.70729
-2.70729
-2.51719
-2.51719
-4.04136
-4.04136
-2.77079
-4.64197
-4.64197
-5.28528
-5.05888
-7.66248
-7.86939
-2.24529
-2.97988
-3.5705
-3.5705
-2.96491
-2.17635
-3.35335
-3.35335
-1.52833
-1.52833
-1.52833
-4.08639
-4.08639
-4.81432
-4.81432
-4.81432
-7.04454
-7.04454
-7.04454
-2.8684
-3.63708
-3.63708
-3.63708
-3.63708
-2.41079
-2.41079
-1.25692
-1.25692
-1.25692
-1.25692
-1.33621
-1.33621
-1.33621
-1.33621
-0.114033
-0.114033
-0.114033
-0.114033
-0.114033
-0.114033
-0.114033
-0.114033
-0.114033
-0.114033
-1.1084
-1.1084
-1.1084
-1.1084
-0.956771
-0.956771
-1.01785
-1.01785
-4.90962
-5.02816
-1.78309
-1.78309
-1.78309
-1.78309
-2.0912
-2.53222
-2.53222
-2.53222
-1.95261
-3.95095
-3.95095
-3.95095
-3.95095
-1.58718
-2.72053
-3.65439
-4.61074
-4.61074
-4.10604
-4.10604
-2.60255
-3.55541
-3.39517
-3.39517
-3.39517
-2.60952
-2.16315
-2.16315
-2.16315
-2.29143
-2.47945
-2.47945
-2.47945
-2.47945
-2.56752
-2.42367
-4.21747
-3.71137
-2.87061
-2.84968
-2.61365
-2.61365
-1.04323
-0.496794
-0.897835
-4.85803
-6.37788
-2.77108
-0.897945
-0.897945
-2.78946
-2.78946
-1.69976
-1.35229
-1.17826
-1.17826
-1.17826
-4.2558
-4.11258
-1.64647
-1.64647
-1.64647
-1.64647
-1.64647
-4.0028
-4.0028
-1.34163
-1.34163
-1.34163
-0.569222
-0.569222
-0.569222
-2.32149
-2.32149
-2.32149
-2.32149
-1.25459
-1.25459
-1.25459
-1.25459
-1.25459
-1.25459
-1.25459
-1.25459
-1.25459
-1.72492
-1.72492
-1.72492
-1.72492
-1.72492
-1.72492
-2.00209
-2.00209
-1.23266
-1.23266
-1.23266
-4.72425
-4.72425
-0.798933
-0.798933
-0.798933
-2.63655
-5.8482
-6.91409
-9.71324
-7.71538
-2.40233
-2.66763
-4.38273
-4.38273
-2.94646
-2.94646
-2.94646
-2.94646
-2.94646
-2.12376
-0.792787
-0.792787
-0.792787
-0.792787
-0.792787
-1.13828
-1.13828
-4.12345
-4.12345
-4.12345
-4.12345
-4.95291
-4.95291
-3.59799
-3.59799
-3.59799
-3.59799
-3.59799
-3.59799
-1.26961
-1.26961
-1.26961
-1.26961
-1.26961
-1.26961
-1.26961
-1.26961
-1.26961
-1.26961
-1.26961
-1.26961
-1.48691
-2.10752
-3.13336
-4.3204
-4.3204
-4.3204
-4.3204
-2.26909
-2.64776
-2.64776
-2.64776
-2.64776
-0.789778
-0.789778
-1.27853
-1.27853
-1.27853
-1.27853
-1.27853
-1.81956
-1.20864
-1.20864
-2.80117
-2.80117
-2.80117
-2.49429
-4.13152
-4.59196
-5.11279
-4.75672
-5.10502
-6.96403
-5.29886
-5.96068
-4.50123
-3.08753
-4.16478
-5.81701
-8.14365
-6.79657
-2.5933
-2.5933
-3.51213
-3.51213
-3.27989
-2.38877
-2.38877
-2.38877
-2.38877
-3.52426
-3.52426
-2.11588
-2.11588
-2.96888
-2.96888
-2.96888
-3.5945
-3.5945
-3.5945
-2.50102
-1.10171
-1.57889
-2.42924
-4.70597
-5.28817
-4.81674
-4.81674
-2.72487
-5.26426
-5.26426
-1.29
-3.00549
-3.00549
-3.54264
-3.54264
-2.7128
-2.7128
-2.7128
-3.36061
-3.53272
-2.71483
-2.71483
-2.71483
-1.9895
-1.9895
-1.9895
-1.9895
-1.9895
-3.64239
-2.55907
-0.716976
-1.00653
-1.00653
-1.00653
-1.00653
-1.00653
-1.34909
-1.34909
-1.34909
-1.34909
-1.38948
-1.85787
-1.85787
-2.91985
-2.91985
-1.39002
-1.39002
-5.65028
-5.65028
-5.65028
-5.65028
-6.52023
-6.52023
-4.44824
-4.44824
-4.44824
-7.39833
-4.75302
-3.25475
-3.23575
-3.23575
-3.23575
-2.55599
-2.20832
-2.20832
-2.20832
-1.84183
-1.84183
-1.80976
-1.80976
-1.04923
-1.04923
-2.75931
-3.55132
-3.43834
-4.05709
-4.05709
-2.32222
-2.32222
-2.32222
-1.3891
-1.3891
-1.63421
-1.63421
-1.14129
-1.14129
-0.843194
-0.843194
-1.11777
-1.11777
-1.17142
-2.807
-2.98056
-1.701
-1.701
-4.24153
-4.24153
-2.40246
-2.87793
-3.25701
-3.09563
-3.09563
-3.04207
-1.51915
-1.51915
-1.51915
-1.8523
-1.8523
-1.91786
-3.29218
-3.29218
-1.91475
-1.91475
-2.63863
-3.27918
-3.4463
-3.4463
-2.91347
-2.17285
-2.17285
-2.17285
-2.96248
-3.10331
-2.10406
-2.10406
-3.75817
-4.62537
-2.78692
-4.34309
-4.34309
-3.08357
-4.19986
-4.16721
-10.254
-10.254
-4.62461
-2.07292
-2.48377
-2.60537
-2.62794
-3.54648
-4.40468
-4.81436
-6.69703
-6.69703
-4.64088
-4.64088
-4.64088
-4.64088
-4.04734
-4.04734
-2.9729
-2.9729
-2.02899
-1.74558
-1.84937
-2.75352
-2.75352
-1.77026
-1.77026
-0.975277
-0.975277
-0.975277
-0.975277
-4.01315
-4.07013
-4.07013
-6.29719
-3.1654
-1.91802
-1.91802
-2.118
-2.118
-1.58175
-1.58175
-1.58175
-1.58175
-1.59788
-1.59788
-1.59788
-1.70499
-1.70499
-1.70499
-0.694902
-0.694902
-2.21225
-3.46029
-3.10228
-2.7318
-2.7318
-2.71945
-1.58631
-1.58631
-1.58631
-1.58631
-1.58631
-4.47255
-4.50484
-3.3716
-3.3716
-3.3716
-3.3716
-3.3716
-3.3716
-3.3716
-3.3716
-1.82836
-1.82836
-0.691151
-0.691151
-0.691151
-0.57378
-0.57378
-0.57378
-0.583252
-0.6975
-0.94311
-4.7956
-4.7956
-4.7956
-4.7956
-3.77237
-3.77237
-4.17541
-4.17541
-1.73977
-1.67044
-1.67044
-1.67044
-0.787289
-0.787289
-0.787289
-0.787289
-0.787289
-0.787289
-0.787289
-1.14067
-1.42292
-1.7394
-1.93364
-4.20165
-4.20165
-4.20165
-4.12537
-1.61997
-2.17583
-2.17583
-2.17583
-2.78385
-3.39812
-3.39812
-2.08047
-1.96575
-1.96575
-2.73229
-2.73229
-2.73229
-3.19943
-3.0265
-2.97599
-2.97599
-3.41494
-3.22279
-3.01364
-3.01364
-5.09051
-5.09051
-2.33319
-2.33319
-2.33319
-2.33319
-2.33319
-0.890464
-0.890464
-0.890464
-0.890464
-0.890464
-1.43464
-1.43464
-1.43464
-3.556
-3.556
-3.556
-3.556
-1.28493
-1.28493
-1.28493
-2.48478
-2.68082
-1.59743
-1.59743
-1.55485
-1.55485
-1.55485
-1.55485
-1.55485
-1.36978
-1.36978
-1.36978
-1.36978
-1.36978
-1.36978
-1.36978
-5.22734
-5.22734
-2.39924
-2.39924
-0.51034
-0.51034
-0.51034
-0.51034
-0.51034
-0.51034
-0.51034
-0.618959
-0.618959
-1.02198
-1.02198
-5.1018
-5.1018
-2.20412
-2.20412
-2.20412
-2.20412
-2.05974
-2.05974
-1.01144
-1.68763
-1.68763
-1.68763
-1.14698
-1.51319
-1.51319
-2.9186
-3.94237
-3.94237
-3.68055
-3.68055
-3.68055
-4.58087
-4.31453
-1.8111
-1.67089
-1.70163
-3.39158
-3.39158
-3.39158
-3.39158
-3.39158
-3.39158
-3.5831
-3.5831
-3.5831
-7.6587
-7.6587
-2.73956
-2.73956
-3.62758
-3.62758
-3.62758
-3.30161
-3.30161
-3.30161
-2.9949
-2.28327
-1.6578
-3.21562
-3.34988
-3.34988
-3.34988
-3.34988
-3.34988
-1.48674
-1.48674
-1.48674
-2.09924
-2.09924
-2.27173
-2.27173
-1.38177
-0.336313
-0.499226
-0.499226
-1.81808
-1.81808
-1.81808
-3.40509
-3.56947
-3.56947
-3.56947
-2.80107
-2.80107
-2.80107
-3.91644
-3.91644
-5.4694
-9.07323
-7.85841
-7.63482
-5.64861
-5.64861
-5.64861
-5.65567
-5.65567
-2.75428
-2.1541
-2.57984
-2.29612
-2.29612
-3.79331
-3.79331
-3.79331
-2.46024
-2.46024
-3.07032
-1.44522
-0.740094
-0.740094
-0.517192
-0.517192
-0.517192
-0.921548
-0.921548
-0.921548
-0.921548
-0.921548
-0.921548
-0.921548
-1.80153
-1.80153
-1.80153
-2.32606
-1.51676
-1.51676
-1.51676
-1.51676
-1.51676
-1.51676
-1.51676
-1.51676
-1.51676
-1.51676
-2.16334
-1.33969
-1.33969
-1.33969
-1.33969
-1.56374
-0.965892
-0.965892
-0.965892
-0.965892
-0.965892
-0.965892
-0.965892
-0.704561
-1.03339
-1.25368
-1.25368
-2.98051
-2.98051
-1.41085
-1.41085
-0.80716
-0.80716
-0.80716
-0.80716
-0.80716
-1.37093
-1.37093
-1.37093
-1.37093
-1.37093
-2.91848
-3.41751
-3.41751
-3.41751
-3.41751
-2.50626
-2.50626
-2.04259
-2.04259
-5.65999
-8.38003
-7.13595
-8.05618
-7.68391
-7.49326
-7.49326
-3.62122
-3.62122
-3.62122
-3.01443
-3.5228
-4.03964
-4.3127
-2.27557
-2.27557
-6.42624
-6.42624
-2.26914
-2.36304
-2.36304
-1.72053
-1.72053
-1.72053
-1.94592
-1.94592
-1.94592
-4.22126
-4.49761
-4.19409
-4.19409
-2.33136
-2.01164
-2.01164
-3.51864
-3.40851
-7.15477
-5.81343
-1.20525
-1.91402
-1.91402
-1.91402
-1.46126
-1.46126
-3.98688
-3.98688
-1.33625
-1.33625
-3.00342
-3.81465
-3.81465
-3.45677
-3.1022
-3.1022
-2.60575
-2.64346
-2.64346
-3.07019
-3.36182
-3.35759
-2.03818
-2.03818
-2.03818
-2.03818
-2.03818
-2.49961
-2.49961
-2.49961
-3.26061
-3.47098
-2.78414
-2.89063
-2.95051
-2.95051
-4.63371
-2.36897
-2.99578
-4.77532
-2.45867
-2.45867
-2.32627
-1.70561
-1.70561
-1.134
-1.134
-1.134
-5.91355
-5.86811
-5.86811
-6.10264
-4.21075
-4.21075
-4.21075
-4.21075
-2.54754
-2.54754
-1.23567
-1.23567
-1.73356
-1.73356
-1.3352
-0.587653
-0.587653
-0.587653
-0.587653
-0.587653
-0.587653
-2.89104
-4.00602
-4.54733
-4.83085
-4.83085
-4.3405
-4.3405
-4.3405
-2.85478
-5.65658
-5.65658
-5.65658
-5.80232
-5.80232
-5.62748
-4.76884
-4.76884
-4.76884
-4.92771
-2.4101
-2.4101
-2.4101
-2.4101
-2.4101
-2.18054
-2.18054
-3.94673
-3.94673
-4.06702
-4.06702
-2.45803
-7.72421
-7.70372
-7.07125
-8.39061
-5.34865
-5.34865
-6.01403
-6.305
-6.305
-6.305
-6.49024
-5.25331
-5.25331
-5.25331
-5.25331
-6.24103
-5.16249
-5.16249
-4.76449
-3.63202
-3.63202
-3.63202
-3.29617
-3.58865
-3.68244
-2.24518
-2.62309
-3.14614
-4.48697
-4.48697
-4.51113
-4.94938
-6.03129
-6.03129
-5.65887
-5.65887
-5.65887
-5.65887
-2.52646
-4.50043
-4.74427
-3.77468
-3.77468
-3.59274
-3.81608
-3.07266
-3.07266
-2.29985
-2.29985
-1.96857
-1.29138
-1.32879
-4.95776
-5.22366
-2.95365
-2.6562
-1.09135
-0.803744
-0.803744
-2.32591
-2.16804
-2.16804
-3.09493
-1.89189
-1.89189
-1.89189
-1.62888
-1.62888
-1.62888
-1.32201
-1.53261
-3.06114
-3.06114
-3.09195
-3.09195
-3.09195
-3.61043
-2.53632
-2.53632
-1.90317
-2.90559
-2.90559
-2.38203
-2.38203
-2.38203
-4.01649
-4.01649
-4.01649
-5.4418
-6.24294
-4.54849
-3.98406
-3.10573
-3.73579
-3.73579
-2.27845
-2.27845
-3.58369
-3.58369
-3.19404
-5.42045
-3.63938
-1.39074
-1.39074
-1.39074
-6.58632
-6.82408
-1.62665
-1.24082
-1.24082
-1.84523
-2.78731
-3.43031
-2.39934
-2.39934
-2.07714
-2.88304
-3.39015
-3.39015
-3.15438
-3.09901
-3.09901
-3.09901
-3.09901
-3.09901
-3.09901
-6.64088
-12.2617
-9.849
-6.13049
-4.14915
-7.19925
-7.19925
-3.81257
-3.81257
-4.98035
-5.49979
-3.8838
-4.237
-6.01311
-3.83107
-2.42281
-2.42281
-2.10601
-2.29772
-2.29772
-5.15067
-5.15067
-5.15067
-5.15067
-2.14369
-0.85425
-0.936605
-1.37801
-1.26488
-1.26488
-4.31365
-4.31365
-3.72842
-4.43574
-2.5014
-3.22254
-3.22254
-2.18033
-2.77353
-4.22558
-4.22558
-2.13506
-1.05471
-1.05471
-1.05471
-0.674663
-0.674663
-0.674663
-0.674663
-0.509758
-1.11723
-1.11723
-3.334
-3.334
-3.334
-3.334
-0.506232
-4.50129
-6.81668
-5.13481
-5.13481
-5.13481
-4.61207
-5.2089
-5.2089
-5.2089
-5.2089
-5.2089
-4.16741
-4.8078
-4.11503
-3.24852
-3.24852
-2.24752
-2.24752
-1.188
-1.04168
-1.04168
-2.50765
-2.50765
-2.28728
-3.72612
-2.78574
-3.73444
-3.73444
-2.9985
-2.67933
-2.78662
-2.78662
-2.78662
-3.01865
-3.01865
-3.01865
-2.38026
-2.38026
-2.38026
-2.38026
-2.73353
-2.73353
-2.73353
-2.73353
-2.0306
-2.0306
-1.79668
-1.86264
-1.12201
-1.12201
-1.12201
-1.12201
-1.44566
-1.64521
-3.93905
-3.93905
-2.3776
-2.3776
-1.45548
-1.55107
-2.87822
-2.87822
-2.79292
-5.34575
-5.34575
-3.108
-1.79848
-1.77283
-1.77283
-1.77283
-1.77283
-1.77283
-1.77283
-1.77283
-1.77283
-0.579641
-0.31107
-0.31107
-0.31107
-0.31107
-1.50249
-1.50249
-1.48979
-1.48979
-1.2856
-2.29096
-2.29096
-1.37217
-1.37217
-1.4156
-1.95303
-1.95303
-1.29982
-2.7712
-2.01962
-2.872
-2.872
-1.11245
-7.03669
-7.03669
-2.97097
-2.97097
-2.65862
-4.03958
-5.33657
-5.33657
-5.33657
-4.68976
-4.83822
-4.83822
-4.6549
-4.6549
-1.75346
-1.75346
-2.05781
-2.05781
-2.05781
-2.32859
-2.32859
-1.64034
-1.64034
-1.64034
-1.48039
-0.702543
-0.702543
-0.702543
-1.28476
-1.28476
-1.28476
-2.0145
-3.98644
-3.73987
-3.73987
-5.50387
-5.50387
-5.50387
-4.20058
-3.05888
-1.71178
-0.75929
-0.75929
-0.75929
-0.832794
-0.794863
-3.58049
-3.58049
-2.51053
-2.51053
-1.32768
-3.95341
-3.95341
-3.61519
-3.23982
-3.73547
-3.73547
-1.34759
-2.78284
-2.78284
-3.46909
-3.46909
-3.91156
-5.13187
-2.81885
-1.90158
-1.63078
-2.77932
-5.81966
-5.81966
-5.94744
-5.94744
-6.27586
-6.27586
-3.09707
-1.14081
-1.02409
-1.02409
-2.25559
-2.25559
-2.3743
-2.3743
-0.364207
-0.364207
-0.364207
-0.364207
-0.364207
-0.364207
-0.364207
-0.364207
-0.364207
-1.99851
-2.58856
-2.58856
-2.48007
-2.48007
-4.46864
-4.83351
-3.61739
-2.28424
-2.28424
-4.5994
-4.29385
-4.29385
-5.8571
-4.29634
-3.76437
-3.76437
-4.17375
-4.17375
-3.53938
-3.53938
-3.32598
-5.43975
-4.23397
-1.23037
-1.23037
-0.928879
-0.928879
-0.928879
-0.928879
-0.928879
-0.928879
-0.928879
-0.928879
-0.928879
-0.928879
-0.928879
-0.928879
-0.928879
-0.622253
-0.756149
-0.756149
-0.756149
-0.756149
-0.756149
-0.756149
-0.756149
-0.756149
-0.756149
-0.756149
-1.59504
-1.59504
-1.59504
-2.60842
-2.60842
-2.60842
-2.43839
-2.43839
-2.31457
-2.15972
-2.15972
-2.15972
-2.06531
-2.39689
-4.5803
-4.03377
-4.07841
-4.07841
-3.83252
-3.98657
-3.47331
-3.71469
-3.7683
-3.7683
-1.72883
-1.72883
-1.84755
-1.67232
-1.67232
-1.58316
-1.58316
-1.58316
-2.71884
-2.37545
-3.02525
-3.02525
-1.34293
-2.68813
-2.68813
-2.68813
-2.68813
-2.65779
-2.65779
-2.65779
-3.21297
-3.34493
-4.93038
-4.69425
-4.69425
-3.66124
-1.51013
-2.36565
-2.76253
-2.76253
-3.8314
-3.8314
-3.8314
-3.92629
-4.50838
-2.89184
-2.22474
-2.22474
-2.76096
-2.76096
-1.4066
-1.4066
-1.4066
-1.4066
-1.06065
-2.69074
-2.26211
-0.776428
-0.776428
-4.61271
-4.61271
-3.44673
-3.44673
-3.03996
-3.03996
-3.19189
-4.11892
-4.11892
-4.11892
-5.54404
-5.54404
-3.12533
-3.12533
-4.54195
-3.28106
-1.56515
-1.56515
-2.76651
-2.76651
-0.96249
-1.50849
-2.27927
-2.87897
-2.87897
-2.87897
-2.26475
-2.16366
-5.17238
-5.17238
-3.85563
-3.85563
-1.85861
-1.85861
-1.85861
-1.85861
-2.08427
-4.08728
-3.94098
-4.01334
-4.01334
-0.811948
-1.04528
-1.04528
-0.998565
-0.998565
-2.36544
-2.36544
-1.32405
-1.32405
-2.7217
-2.7217
-3.45102
-3.45102
-6.65891
-6.65891
-6.65891
-6.75929
-3.95536
-3.95536
-3.95536
-3.95536
-3.95536
-3.95536
-1.57691
-1.57691
-1.57691
-1.97174
-1.16471
-1.16471
-1.16471
-1.16471
-1.16471
-1.16471
-3.62172
-4.0639
-2.26555
-2.26555
-3.70663
-2.77457
-3.11299
-3.11299
-1.72207
-1.72207
-1.72207
-5.07543
-5.07543
-2.92832
-9.94115
-9.94115
-2.02381
-1.07071
-1.07071
-1.99742
-1.99742
-3.10428
-3.10428
-3.10428
-7.82803
-7.82803
-7.34251
-7.34251
-7.34251
-5.34773
-4.73482
-4.46607
-4.46607
-4.46607
-2.12983
-2.12983
-0.705806
-0.705806
-1.89977
-1.89977
-1.89977
-1.89977
-3.43686
-3.43686
-2.51838
-2.51838
-3.16651
-3.23897
-4.04247
-6.23711
-4.74675
-5.21001
-3.88702
-5.49385
-5.49385
-5.37268
-5.37268
-5.37268
-5.02833
-1.37463
-1.37463
-2.31478
-3.82756
-2.60275
-2.60275
-2.60275
-2.60275
-2.60275
-4.72623
-5.56418
-4.12455
-4.12455
-4.12455
-3.63312
-3.19571
-3.19571
-1.62763
-1.62763
-1.17766
-1.64069
-1.64069
-1.09162
-1.90393
-1.9765
-1.9765
-2.27423
-1.69384
-1.69384
-1.3863
-0.911591
-1.58653
-1.58653
-1.58653
-1.58653
-1.60922
-2.41895
-2.58352
-2.58352
-2.25758
-2.25758
-1.66738
-1.66738
-1.66738
-1.66738
-1.66738
-1.37784
-1.37784
-1.37784
-3.37468
-3.25414
-3.25414
-3.25414
-3.25414
-3.13693
-2.80668
-2.80668
-2.51255
-2.20944
-1.51965
-2.64095
-3.13901
-2.30833
-2.30833
-2.30833
-1.51084
-0.66707
-2.82666
-2.82666
-0.213013
-0.213013
-0.871274
-1.13795
-1.13795
-1.13795
-1.13795
-1.54989
-1.54989
-1.57732
-2.94721
-2.94721
-2.94721
-2.74566
-2.0117
-2.0117
-1.0025
-1.17259
-1.17259
-1.17259
-1.17259
-1.17259
-3.34744
-3.34744
-3.34744
-3.34744
-1.79066
-1.79066
-2.36049
-2.36049
-2.7728
-2.7728
-1.19975
-1.19975
-3.05955
-3.40542
-5.73213
-5.73213
-3.10314
-2.63739
-2.63739
-2.63739
-1.85605
-1.85605
-5.36818
-5.36818
-3.8395
-3.52633
-3.04966
-3.04966
-4.53859
-4.53859
-1.76452
-2.87496
-2.87496
-2.87496
-2.87496
-2.87496
-2.87496
-2.87496
-2.87496
-2.87496
-3.13104
-2.16866
-1.82878
-1.82878
-1.82878
-1.82878
-3.06196
-3.90798
-3.29135
-3.29135
-3.05348
-2.12665
-2.11961
-2.11961
-2.11961
-2.11961
-2.11961
-2.11961
-2.11961
-2.4881
-2.4881
-2.4881
-3.54125
-3.54125
-1.5947
-1.5947
-4.66214
-5.07228
-2.44379
-2.98671
-5.42319
-5.42319
-5.42319
-5.42319
-4.43361
-4.43361
-4.43361
-3.42948
-1.92287
-1.92287
-2.73062
-2.73062
-3.54996
-3.54996
-3.54996
-3.54996
-3.54996
-5.54934
-5.54934
-5.54934
-5.05565
-5.21686
-5.26075
-3.94166
-3.94166
-2.78456
-2.78456
-3.59964
-3.59964
-3.59964
-3.59964
-3.59964
-3.94485
-8.91195
-10.293
-6.51378
-3.15817
-3.69876
-3.69876
-4.11084
-4.11084
-2.50198
-2.50198
-0.905227
-0.905227
-0.905227
-0.905227
-0.905227
-2.57434
-2.57434
-1.43733
-1.42886
-0.484709
-0.484709
-0.411696
-0.411696
-0.411696
-0.411696
-0.411696
-0.858472
-0.858472
-0.858472
-0.858472
-0.858472
-0.858472
-1.03443
-1.03443
-1.76497
-2.14947
-2.14947
-1.64897
-1.64897
-1.64897
-1.48726
-1.48726
-1.48726
-1.48726
-0.643349
-0.643349
-4.0305
-4.33019
-2.04519
-6.17052
-6.17052
-6.17052
-4.77479
-1.7366
-1.7366
-1.7366
-4.94231
-4.94231
-4.79482
-5.53528
-5.53528
-4.7473
-5.24971
-6.02004
-5.93737
-6.11933
-3.28316
-3.28316
-3.28316
-3.28316
-3.28316
-3.28316
-3.49069
-3.49069
-3.70342
-4.15158
-4.37333
-5.96806
-5.0306
-1.99203
-1.99203
-2.75797
-2.75797
-2.75797
-2.75797
-2.13601
-2.13601
-2.92747
-2.5425
-0.798178
-0.798178
-0.798178
-0.798178
-0.798178
-1.15016
-1.15016
-1.15016
-1.79778
-1.79778
-2.5321
-2.5321
-2.5321
-2.5321
-2.5321
-4.89912
-4.60869
-2.63241
-2.63241
-2.10208
-2.10208
-2.10208
-2.10208
-2.10405
-5.49809
-5.4454
-1.55105
-1.55105
-0.848005
-0.848005
-0.848005
-0.848005
-2.21277
-2.21277
-2.36269
-2.36269
-2.93861
-2.93861
-2.44913
-2.44913
-2.44913
-2.2309
-2.2309
-2.2309
-1.92052
-2.30109
-3.35745
-3.35745
-3.35745
-3.35745
-0.527224
-1.32083
-1.32083
-2.8726
-2.8726
-3.08239
-6.76193
-5.21469
-5.21469
-5.21469
-7.12417
-7.12417
-4.76741
-4.49162
-3.39957
-2.36368
-3.29639
-3.29639
-2.49056
-2.484
-3.39568
-3.39568
-1.74694
-1.74694
-1.74694
-1.74694
-1.74694
-1.74694
-2.67276
-2.67276
-1.90982
-4.7532
-4.16837
-1.9357
-2.38322
-2.38322
-2.38322
-2.12952
-2.13667
-2.13667
-2.13667
-6.40664
-6.40664
-6.29135
-6.29135
-2.74582
-2.74582
-2.74582
-1.88359
-3.29277
-4.06724
-2.46135
-2.46135
-2.46135
-2.46135
-1.89597
-1.89597
-1.89597
-1.86696
-1.86696
-1.28864
-1.28864
-3.19335
-3.19335
-3.19335
-3.19335
-1.19065
-1.19065
-1.19065
-1.19065
-1.37186
-2.25553
-2.25553
-2.25553
-2.25553
-1.7948
-1.62154
-1.62154
-0.886259
-0.886259
-0.886259
-3.87042
-3.87042
-1.57724
-1.57724
-1.88747
-1.88747
-1.87038
-1.87038
-1.87038
-1.87038
-0.664311
-0.664311
-3.89928
-3.89928
-4.05309
-4.38548
-1.24585
-1.24585
-1.94159
-1.87842
-1.87842
-1.87842
-1.26118
-1.26118
-1.26118
-2.56497
-2.56497
-1.14926
-2.08426
-2.08426
-1.10706
-1.10706
-0.88547
-0.88547
-3.93755
-3.93755
-1.24355
-1.24355
-0.931914
-0.931914
-0.931914
-0.931914
-0.931914
-3.97093
-3.97093
-2.186
-2.186
-2.71794
-2.71794
-1.07102
-1.07102
-1.07102
-1.07102
-1.07102
-1.07102
-0.716871
-0.716871
-0.716871
-4.55806
-4.55806
-1.183
-2.25349
-3.11161
-3.11161
-1.78865
-1.78865
-1.78865
-1.78865
-1.63251
-1.63251
-1.86177
-1.86177
-1.86177
-1.41042
-0.761686
-0.761686
-0.761686
-2.64129
-2.64129
-1.37794
-1.37794
-1.37794
-2.15152
-2.15152
-2.15152
-2.12134
-2.12134
-2.12134
-2.24575
-2.24575
-2.24575
-2.24575
-2.24575
-2.24575
-2.24575
-2.24575
-2.24575
-2.24575
-2.24575
-2.50027
-2.50027
-3.24632
-3.24632
-1.84436
-1.84436
-1.38697
-1.38697
-1.38697
-2.4402
-2.4402
-3.11029
-3.11029
-3.08848
-3.08848
-1.58401
-1.58401
-0.874911
-0.874911
-2.50281
-2.50281
-2.50281
-2.50281
-2.50281
-2.50281
-2.50281
-4.01784
-4.17484
-2.83034
-0.608751
-0.608751
-0.608751
-0.608751
-0.608751
-5.0837
-5.28986
-2.58538
-2.58538
-1.0898
-1.0898
-1.0898
-1.99224
-1.99224
-3.92648
-3.92648
-2.87907
-2.87907
-3.37756
-3.37756
-3.40483
-4.26808
-6.84252
-6.06117
-1.09151
-2.15364
-3.33215
-4.13716
-3.78898
-2.09287
-2.09287
-1.19428
-0.33411
-2.69902
-2.69902
-2.52002
-2.52002
-0.488165
-0.488165
-0.488165
-0.68755
-1.59399
-1.86647
-1.93119
-1.93119
-3.92196
-3.92196
-2.49278
-2.49278
-2.58323
-2.58323
-1.17553
-1.45709
-1.45709
-1.31172
-1.31172
-1.31172
-2.1706
-2.2851
-2.2851
-5.507
-5.507
-5.507
-5.81878
-2.60776
-2.60776
-2.60776
-1.90262
-2.83845
-2.83845
-2.20866
-3.97293
-4.68319
-4.68319
-7.87003
-7.87003
-2.8307
-4.01694
-4.53859
-1.94793
-1.94793
-1.71413
-1.71413
-0.896657
-0.896657
-0.896657
-0.896657
-0.896657
-1.64807
-1.64807
-7.03718
-7.03718
-5.99717
-5.99717
-2.7244
-2.7244
-3.15675
-3.56816
-3.56816
-3.56816
-1.03337
-1.03337
-1.03337
-1.03337
-1.03337
-1.13294
-1.13294
-2.80947
-2.80947
-2.80947
-2.80947
-2.98932
-3.06809
-3.06809
-5.16273
-5.28596
-5.28596
-3.86905
-3.08529
-3.08529
-2.16897
-2.16897
-3.80078
-3.80078
-2.60706
-2.92482
-2.92482
-1.56256
-1.56256
-1.56256
-1.56256
-1.56256
-1.56256
-1.56256
-1.56256
-2.10038
-2.76702
-2.76702
-2.48804
-3.82281
-3.449
-1.5745
-1.5745
-1.49491
-1.49491
-1.49491
-1.49491
-1.49491
-1.49491
-1.62659
-1.35667
-2.20415
-2.20415
-2.20415
-2.20415
-2.20415
-2.20415
-2.20415
-2.20415
-2.37188
-2.37188
-1.1756
-0.587301
-0.587301
-4.25411
-4.25411
-3.01109
-2.92077
-1.77705
-3.08986
-3.08986
-3.94655
-3.94655
-4.24324
-6.21902
-4.77329
-3.84137
-3.84137
-2.26889
-2.26889
-1.8567
-1.78776
-1.78776
-1.78776
-1.78776
-1.78776
-1.78776
-0.863301
-0.863301
-0.863301
-0.863301
-0.863301
-0.863301
-2.02975
-4.9546
-6.24479
-3.99859
-3.53927
-4.51361
-4.42412
-4.67009
-4.09522
-3.18579
-3.37469
-3.37469
-3.53288
-3.53288
-3.53288
-2.58499
-2.58499
-2.58499
-2.11637
-1.90879
-2.05684
-2.05684
-2.37545
-2.07993
-1.9422
-1.9422
-1.9422
-1.9422
-0.565264
-0.565264
-0.565264
-0.565264
-0.565264
-0.565264
-1.58037
-1.58037
-0.539074
-0.539074
-2.19616
-3.80962
-2.23331
-1.9244
-1.9244
-2.38628
-2.38628
-2.27459
-2.27459
-3.58039
-4.42496
-2.29933
-2.29933
-2.29933
-2.29933
-2.29933
-2.29933
-2.90063
-2.90063
-2.90063
-1.89337
-2.21014
-5.19503
-4.2347
-1.36041
-1.36041
-1.75117
-1.75117
-1.75117
-1.75117
-4.29237
-4.27187
-4.34916
-4.34916
-3.11692
-2.58348
-1.79525
-1.79525
-1.79525
-1.79525
-2.02237
-3.03646
-3.68612
-3.68612
-4.78498
-4.78498
-3.23545
-3.23545
-3.23545
-2.98522
-2.98522
-4.93685
-4.72894
-2.0972
-2.0972
-2.20153
-2.20153
-5.11241
-5.56589
-3.30951
-2.56455
-2.56455
-2.56455
-2.77147
-2.1737
-0.877305
-0.877305
-0.877305
-0.877305
-0.877305
-1.56935
-1.56935
-2.06036
-2.06036
-2.30682
-2.30682
-3.41796
-3.50769
-2.25043
-2.25043
-1.66408
-1.66408
-3.64224
-5.45659
-4.54734
-4.59976
-2.44214
-2.44214
-4.39167
-4.72154
-4.72154
-2.32443
-2.84994
-2.84994
-0.752976
-0.752976
-1.95962
-1.95962
-0.293043
-0.417111
-0.417111
-0.417111
-0.417111
-0.417111
-0.417111
-0.988367
-0.988367
-1.91233
-2.13603
-2.64995
-2.64995
-4.08528
-4.08528
-4.03645
-4.03645
-4.03645
-4.03645
-1.3683
-1.3683
-1.29205
-1.29205
-1.29205
-1.29205
-1.29205
-1.29205
-1.29205
-1.14438
-2.02257
-3.76693
-2.21591
-2.02612
-2.20513
-2.4171
-2.56168
-0.918187
-0.936904
-0.936904
-0.936904
-0.936904
-0.936904
-0.936904
-0.936904
-0.936904
-2.13356
-1.94534
-2.19504
-2.19504
-2.19504
-2.19504
-4.17222
-4.17222
-2.31153
-2.31153
-1.36615
-2.482
-3.15603
-2.95082
-1.84151
-2.15621
-2.15621
-0.864167
-1.73802
-1.73802
-0.773213
-2.23727
-3.54254
-3.54254
-6.53293
-6.53293
-4.16415
-4.14526
-3.08984
-4.15701
-4.17158
-4.17158
-4.17158
-1.61439
-2.06121
-2.2641
-0.97064
-0.97064
-0.97064
-0.97064
-4.60141
-4.60141
-1.50695
-1.50695
-1.50695
-2.92469
-2.8385
-5.01743
-5.01743
-3.17124
-3.17124
-3.2144
-4.38116
-5.95836
-5.95836
-6.21131
-6.82272
-4.3227
-4.57527
-4.57527
-4.95735
-4.95735
-4.90598
-4.90598
-3.46162
-3.20546
-1.52607
-1.29833
-2.15322
-2.15322
-2.30316
-3.21872
-3.44996
-3.44996
-1.99867
-4.11314
-4.11314
-2.02159
-2.35311
-0.956474
-0.956474
-0.956474
-0.956474
-1.23049
-0.995139
-0.995139
-1.59888
-1.59888
-0.969256
-1.23035
-1.77684
-1.77684
-3.07667
-4.79989
-4.79989
-4.56288
-8.05645
-6.70306
-2.37075
-2.37075
-2.37075
-3.13365
-2.27131
-1.81609
-1.81609
-1.36509
-2.62187
-2.20316
-2.20316
-4.60296
-4.60296
-2.45124
-2.86195
-2.86195
-2.86195
-2.59086
-2.59086
-2.59086
-2.59086
-2.59086
-2.59086
-2.59086
-3.56857
-3.56857
-2.5372
-2.5372
-1.05911
-1.05911
-7.33795
-7.33795
-2.14942
-2.14942
-1.76669
-1.76669
-2.12644
-1.87767
-1.87767
-1.87767
-1.87767
-3.59529
-3.59529
-3.59529
-3.59529
-2.84649
-2.84649
-2.84649
-1.6926
-1.6926
-1.6926
-1.35189
-1.35189
-0.811979
-0.619572
-0.619572
-0.619572
-1.31698
-1.31698
-0.841261
-0.841261
-0.547667
-0.547667
-1.29805
-1.29805
-0.738366
-3.90269
-5.55696
-3.64306
-3.64306
-3.64306
-3.64306
-4.55046
-3.71609
-3.71609
-2.99705
-1.16849
-1.16849
-0.707652
-0.707652
-0.707652
-0.707652
-0.707652
-7.10495
-7.10495
-2.04416
-2.04416
-1.78697
-1.78697
-0.918458
-0.918458
-0.20117
-0.20117
-0.20117
-0.20117
-1.62161
-1.62161
-1.62161
-1.62161
-1.62189
-3.11635
-3.11635
-3.11635
-3.11635
-3.11635
-5.8992
-5.8992
-3.59475
-2.68758
-2.68758
-2.68758
-2.38551
-2.38551
-1.06963
-1.06963
-1.06963
-1.85819
-1.85819
-0.981963
-0.981963
-0.981963
-0.981963
-0.981963
-0.981963
-0.981963
-2.05223
-2.73746
-2.00036
-2.11639
-2.7528
-2.7528
-3.03734
-3.03734
-3.03734
-2.68731
-2.67106
-2.67106
-2.67106
-2.67106
-1.36353
-1.03219
-1.03219
-1.03219
-1.57881
-2.24916
-2.59724
-2.59724
-2.59724
-2.59724
-2.52772
-3.44452
-4.67599
-2.70883
-0.471717
-0.471717
-0.471717
-1.44575
-5.92882
-5.98609
-3.54829
-3.72957
-2.07836
-4.80049
-4.80049
-2.52345
-2.52345
-2.75318
-2.75318
-2.75318
-2.75318
-2.06222
-2.06222
-2.10171
-2.10171
-2.33631
-2.54862
-2.54862
-2.54862
-2.01338
-2.01338
-2.01338
-2.01338
-2.01338
-2.01338
-1.49248
-1.49248
-1.49248
-2.05489
-2.05489
-2.05489
-2.05489
-2.05489
-2.05489
-2.05489
-2.05489
-2.05489
-2.71855
-2.71855
-3.5146
-2.66959
-2.66959
-4.11555
-2.9154
-2.9154
-2.9154
-2.9154
-2.9154
-2.9154
-4.13898
-4.13898
-4.81049
-4.24458
-2.34095
-1.90028
-1.59836
-1.59836
-1.59836
-1.59836
-2.34239
-2.59098
-7.03601
-7.96452
-7.96452
-6.89399
-2.46422
-2.03545
-1.66985
-1.66985
-1.66985
-1.66985
-1.66985
-1.33132
-1.33132
-1.33132
-2.35438
-2.35438
-2.35438
-2.35438
-2.56819
-3.84849
-3.84849
-3.0821
-2.28016
-2.28016
-1.23565
-1.23565
-1.23565
-1.23565
-1.20603
-1.20603
-1.9915
-3.20192
-3.20192
-3.7569
-4.00302
-4.00302
-6.17595
-6.17595
-2.97643
-2.97643
-3.21921
-1.66883
-1.54676
-1.54676
-1.54676
-1.13294
-2.8117
-5.03926
-5.03926
-3.45698
-3.45698
-4.95352
-4.95352
-4.95352
-4.95352
-2.68505
-0.848074
-2.0813
-3.11944
-3.11944
-3.11944
-2.72751
-2.72751
-2.72751
-2.72751
-2.23691
-2.23691
-2.42053
-2.42053
-3.20208
-3.20208
-2.54468
-2.54468
-2.54468
-3.05535
-2.05306
-2.66772
-4.04468
-4.04468
-5.30526
-3.42013
-3.42013
-4.8333
-2.28301
-1.6129
-1.6129
-1.6129
-1.6129
-1.14901
-1.14901
-1.14901
-1.14901
-1.14901
-1.14901
-0.654429
-0.654429
-0.654429
-0.654429
-1.80474
-1.80474
-1.49345
-1.49345
-0.854639
-0.854639
-0.322463
-0.322463
-0.322463
-1.01611
-4.14707
-4.14707
-1.69065
-1.69065
-1.69065
-1.69065
-0.866271
-0.866271
-0.866271
-2.60315
-2.60315
-2.60315
-2.60315
-2.97328
-2.97328
-2.3854
-4.31651
-4.31651
-2.70214
-2.70214
-2.70214
-2.70214
-2.70214
-2.70214
-2.70214
-0.41574
-0.41574
-0.41574
-0.41574
-0.41574
-0.41574
-0.41574
-0.41574
-0.41574
-0.41574
-0.41574
-1.19172
-1.19172
-1.19172
-2.04249
-2.04249
-1.21944
-2.04932
-3.14603
-3.4828
-3.40277
-3.29575
-3.29575
-3.29575
-3.29575
-2.58085
-1.8809
-1.80246
-1.74887
-1.74887
-1.74887
-1.51562
-1.51562
-1.51562
-1.62031
-4.38003
-4.38003
-2.52575
-2.47814
-6.37118
-6.37118
-5.64057
-7.05234
-7.05234
-5.92333
-2.4398
-1.97099
-2.43824
-5.2132
-5.78761
-5.78761
-6.63445
-6.75501
-6.23672
-6.91801
-7.47942
-8.14652
-6.37141
-4.68848
-4.68848
-3.4778
-3.67045
-3.67045
-2.44298
-3.07087
-3.07087
-2.33847
-3.66279
-3.42039
-5.80995
-5.80995
-1.52489
-1.52489
-1.52489
-1.52489
-1.52489
-1.65865
-1.65865
-3.53832
-4.46622
-3.50151
-2.42399
-3.02209
-3.5581
-1.10265
-3.27851
-3.52601
-3.98021
-3.98021
-3.89863
-5.31587
-5.31587
-5.31587
-5.02454
-3.28305
-3.28305
-3.25345
-3.25345
-3.25345
-2.76088
-2.76088
-2.02241
-2.02241
-2.02241
-4.79144
-4.79144
-3.96563
-3.90723
-1.97651
-1.97651
-1.97651
-1.97651
-1.97651
-1.97651
-1.97651
-1.97651
-1.97651
-1.97651
-2.14891
-2.14891
-2.14891
-2.49045
-2.49045
-2.87113
-2.87113
-2.87113
-2.80761
-1.24729
-0.981925
-0.941186
-0.941186
-0.447993
-0.447993
-3.41107
-3.41107
-3.41107
-3.41107
-3.41107
-3.41107
-4.57279
-4.57279
-2.14833
-2.14833
-1.51577
-1.51577
-1.51577
-2.61134
-8.71056
-7.84394
-3.31106
-3.31106
-1.34965
-1.34965
-1.34965
-1.34965
-1.34965
-1.34965
-1.16559
-1.16559
-0.727933
-0.556615
-1.29462
-1.82004
-4.79257
-4.79257
-4.02529
-6.49739
-3.62868
-3.62868
-3.62868
-5.05685
-5.05685
-1.97527
-1.97527
-1.97527
-4.52424
-5.45909
-4.85846
-2.90929
-2.90929
-6.90798
-6.90798
-3.90055
-2.72987
-2.72987
-2.72987
-2.94223
-4.75917
-4.75917
-5.56831
-6.98949
-8.70927
-5.98143
-0.557428
-1.02957
-1.02957
-1.65207
-2.4508
-1.51338
-1.51338
-1.33296
-1.33296
-2.54637
-2.54637
-1.27446
-1.27446
-1.27446
-1.26879
-2.47951
-2.47951
-2.47951
-2.42419
-1.14721
-1.14721
-1.49877
-1.49877
-1.49877
-1.49877
-1.06516
-1.06516
-1.06516
-1.06516
-2.15959
-2.92098
-2.92098
-2.92098
-2.92098
-2.92098
-4.69079
-3.20394
-3.31853
-3.31853
-2.43704
-2.43704
-0.76035
-1.82447
-1.82447
-1.82447
-1.82447
-1.81359
-2.53281
-3.19169
-3.19169
-4.59814
-4.41875
-1.69314
-4.01286
-4.01286
-7.00347
-7.00347
-0.736668
-0.736668
-1.04115
-1.04115
-1.05589
-1.75619
-1.70822
-4.32338
-4.32338
-0.884414
-2.36546
-2.36546
-2.36546
-2.36546
-2.69289
-2.34688
-2.09573
-2.09573
-3.18546
-5.30139
-2.29706
-1.72168
-1.72168
-1.09889
-1.01583
-1.01583
-1.01583
-0.756266
-2.67545
-2.67545
-2.1682
-2.25501
-2.25501
-2.25501
-3.04234
-3.04234
-1.66812
-1.66812
-1.66812
-0.958051
-0.958051
-0.958051
-1.18223
-3.72007
-3.72007
-3.72007
-4.1405
-6.09348
-6.46363
-5.71373
-5.71373
-6.66306
-5.35858
-0.924281
-0.924281
-0.924281
-0.924281
-0.924281
-0.924281
-0.924281
-0.924281
-4.73524
-4.73524
-1.34611
-1.34611
-1.34611
-1.34611
-1.34611
-1.35153
-1.35153
-1.39816
-1.39816
-1.39816
-1.36756
-1.20571
-1.20571
-1.19424
-1.19424
-2.28703
-2.28703
-3.05293
-2.6088
-0.654243
-0.654243
-0.654243
-0.654243
-0.654243
-2.80203
-2.80203
-1.28733
-1.28733
-1.28733
-1.28733
-1.28733
-1.25411
-2.36665
-4.47525
-3.44832
-2.32356
-2.12657
-2.12657
-1.54134
-1.54134
-1.54134
-1.54134
-1.54134
-1.54134
-1.54134
-1.16853
-1.16853
-0.19795
-0.866585
-1.13135
-1.10613
-1.10613
-1.10613
-1.1383
-1.48207
-1.76624
-1.60359
-1.60359
-1.60359
-1.60359
-1.60359
-2.38955
-3.10696
-3.29177
-4.71091
-4.02714
-4.02714
-4.02714
-3.38458
-3.27373
-3.88755
-5.03398
-5.03398
-5.03398
-4.82035
-3.7762
-1.9541
-2.44237
-2.44237
-2.44237
-2.44237
-2.44237
-2.44237
-2.13473
-2.13473
-2.13473
-1.81318
-1.81318
-1.81318
-1.81318
-1.81318
-1.81318
-1.67945
-2.19632
-2.26171
-2.26171
-2.26171
-1.28805
-1.28805
-0.807867
-1.33206
-1.33206
-1.08793
-2.77441
-1.94941
-1.94941
-3.78553
-3.78553
-3.78553
-3.78553
-3.78553
-3.78553
-3.78553
-3.78553
-3.78553
-2.45322
-1.2791
-2.09938
