3.12858
2.97667
2.97667
2.97667
2.97667
2.96866
2.59218
2.59218
2.77783
2.40256
2.40256
2.71956
2.71956
2.71956
2.71956
2.67127
2.67127
2.9128
3.0499
3.11418
3.11418
3.07942
2.94136
2.94136
2.94136
2.96397
3.1302
3.1302
3.1302
3.1302
3.08851
2.92542
3.09375
3.09375
3.09375
3.09375
3.09375
3.09375
3.09375
3.28264
3.28264
3.28264
3.28264
3.28264
3.28264
3.28264
3.28264
3.28264
3.28264
3.28264
3.28264
3.28264
3.28264
3.28264
3.28264
3.28264
3.28264
3.11712
3.11712
3.11712
3.11712
3.11712
2.88469
2.88469
2.88469
2.896
2.896
2.48732
2.48732
2.44657
2.38396
2.65913
2.85879
2.93501
2.93501
2.93501
2.93776
3.18613
3.19134
3.02291
3.10436
3.10436
3.10436
3.07269
3.07269
3.07269
3.07269
3.20759
3.21945
3.21945
3.21945
3.21945
3.21945
3.16471
3.16471
3.16471
2.84298
2.84298
2.84298
2.84298
2.81936
2.81936
2.89789
2.89789
2.98575
3.06824
3.06824
3.02602
3.22203
3.32369
3.29895
3.29895
3.29895
3.29895
3.29895
3.29895
3.16554
2.79949
2.32232
2.26306
2.30829
2.5029
2.70039
2.65822
2.81712
2.81712
2.93521
2.91877
2.98807
3.26531
3.26531
3.26531
3.17171
3.17171
3.17171
3.02462
2.81665
2.97683
2.97683
2.97683
2.93983
2.91436
3.14017
3.14017
3.14017
3.00074
3.12472
3.07121
2.75289
2.96038
3.17631
3.17631
2.7954
2.7954
3.08196
3.08196
3.18464
3.18464
3.2048
3.2048
3.2048
2.77636
2.77636
2.77636
2.77636
2.8418
2.91589
2.91589
2.82373
2.84191
2.91807
3.15472
3.01738
3.01738
3.04943
3.11678
3.05658
2.86862
3.0496
2.97489
2.97489
3.20128
2.68043
2.68043
2.68043
2.68043
2.68043
2.41287
2.8653
3.08177
3.08177
3.04578
3.04578
3.04578
3.04578
2.99133
3.02593
3.02593
3.02593
2.70333
2.70333
2.70333
2.70333
2.88083
2.88083
3.13404
3.13404
3.13404
3.13404
2.85301
2.85301
2.89827
2.8006
2.70118
2.85369
3.29958
3.20933
3.20933
3.20933
3.20933
3.31588
3.23202
3.23202
3.26957
3.04352
3.04352
3.04352
3.0785
3.0785
3.0785
3.19319
3.19319
3.19319
3.19319
3.19319
3.19319
3.12492
3.12492
3.24524
3.28402
3.28402
3.00557
3.02421
3.02421
3.02421
3.02421
3.02421
2.9284
2.88761
3.20626
3.19156
3.19156
3.19156
3.22705
2.73855
2.68329
2.89603
2.86794
2.86794
2.86794
3.05915
3.05915
3.05915
3.05915
3.05915
3.05915
2.79504
2.79504
2.8094
2.8094
3.07815
3.0201
3.0201
3.0201
3.0201
3.0201
3.0201
3.05552
3.05552
3.08155
3.08155
3.08155
3.08155
2.94234
2.8484
2.8484
2.8484
2.57779
2.70293
2.69946
2.69946
2.69946
2.69946
2.69946
2.69946
2.69946
2.64893
2.68604
2.68604
2.99821
3.14786
3.14786
3.04959
3.0895
3.0895
3.0895
3.0895
3.0895
3.01277
2.94907
2.94907
2.99671
2.47022
2.47022
2.47022
2.47022
2.47022
2.35625
3.08816
3.15616
3.12536
3.06283
3.06477
3.16737
2.98039
3.01985
3.19335
2.77408
2.80964
2.96486
2.97712
2.97712
2.97712
3.19985
3.19985
3.15502
3.15502
3.07791
2.95296
3.02458
3.11333
3.11333
3.11333
3.11333
3.11333
3.11333
3.11333
3.29281
3.29281
3.29281
3.19612
3.09308
3.09308
3.12705
3.12705
3.12705
3.16717
3.16717
3.16717
3.16717
3.16717
2.94573
2.92048
2.92048
2.88436
2.88436
2.88436
2.78022
2.78022
2.78022
2.46692
2.77523
3.0504
3.04103
3.04103
3.04103
3.12902
3.12902
3.12902
3.12902
3.12902
3.23522
3.23522
3.23522
3.23522
3.23522
3.10531
2.99302
2.99302
3.03815
2.94178
2.94178
2.94178
2.42555
2.48224
2.85932
2.85882
2.78071
2.78071
2.42791
2.42791
2.42791
2.52296
2.43507
2.5481
3.11658
3.15885
3.15885
3.15885
3.12892
3.12892
2.9295
2.9295
2.9295
2.9295
3.13494
3.13494
2.61354
2.61354
3.13489
3.13489
3.21052
3.15692
3.15642
3.15642
3.20375
3.20375
3.13331
2.85372
2.85372
3.02472
2.58969
2.6963
2.6963
2.3773
2.93713
3.29247
3.29247
2.77273
2.77273
2.75406
2.51334
2.83225
2.95362
3.16935
3.16935
3.16935
3.19321
3.19321
3.18645
3.18645
3.18645
2.96734
2.96734
3.20668
3.20668
3.20668
3.20668
3.20668
3.1261
3.05593
3.10715
2.66902
2.66902
3.16659
3.16659
3.10444
3.10444
3.10444
3.10444
3.10444
3.10444
3.10444
3.23166
3.23166
3.23166
3.24213
3.10707
3.10707
3.04923
3.08905
2.89
2.93737
2.87969
2.87969
2.87317
2.87317
3.05636
2.63927
2.62933
2.72692
2.94609
2.90661
2.9142
3.26679
3.26679
3.26679
3.26679
3.26679
3.26679
3.26679
3.21921
3.21921
3.21921
3.21921
3.23825
3.23825
3.23825
3.23825
3.23825
3.23825
2.80321
2.80321
3.05243
3.05243
3.03545
3.03545
3.03545
2.89194
2.89194
2.89194
3.16066
2.82473
2.82473
3.23677
3.23677
3.0618
3.0618
3.0999
3.0999
3.19482
2.89285
2.92607
2.92607
2.9654
2.9654
2.9654
2.95745
2.15755
2.15755
2.72993
3.0221
3.0221
2.99886
3.27577
2.88724
2.88724
3.25636
3.25636
3.17154
3.08694
3.18379
3.18876
3.18876
3.18876
3.02154
3.02154
3.19217
3.19217
3.20533
3.20533
3.20533
3.20533
3.14514
3.14514
3.14514
3.14514
3.14427
2.47376
2.47376
2.96884
2.96884
2.99734
3.04204
3.04204
3.04204
3.13791
3.13791
3.17346
3.17346
3.12697
2.73784
2.73784
3.04224
3.04224
3.10169
3.10169
3.10502
3.23491
3.23491
3.23491
3.17898
3.06352
3.15559
3.15559
3.13513
3.13513
3.06819
3.06819
3.15629
3.12817
3.186
3.186
3.186
3.33648
3.33648
3.33648
3.33648
2.7306
2.7306
3.05549
2.9152
2.92049
2.92049
3.01079
3.01079
2.85654
2.93925
2.93925
2.93925
2.93925
2.53632
2.51565
2.51565
2.64542
2.81309
2.81309
2.82078
2.64962
2.9376
3.08801
3.08801
3.08801
2.91197
2.91197
2.91197
2.91197
2.98638
2.99624
2.8919
2.8919
2.93383
3.04042
3.04042
2.84613
2.84613
3.13518
3.13518
3.13518
3.01116
3.01116
3.2353
3.2353
3.17736
3.17736
3.14537
3.14537
3.08358
3.08358
3.08358
3.08086
3.08086
3.08086
3.08086
3.08086
3.08086
3.08086
3.0219
3.0219
3.0219
3.0219
2.92638
2.92638
2.94372
2.94372
3.23949
3.23949
3.22797
3.13918
3.20428
3.34393
3.26226
3.26226
3.33135
3.33135
3.18696
3.18696
3.14462
3.14462
3.14462
3.04905
2.58557
2.58557
3.22745
3.22745
3.21609
2.89136
2.89136
2.89136
2.80017
3.10202
3.10202
3.10202
3.23269
3.27895
3.27895
3.27895
3.27895
3.30285
3.0824
3.0824
3.0824
2.81833
2.84743
2.84743
3.03839
3.1352
3.0585
3.0585
3.0585
3.21978
3.21978
3.21931
3.00002
3.00002
3.207
3.207
3.22191
3.22191
3.17817
2.88327
2.88327
2.88327
2.88327
3.14115
3.05794
2.84971
2.86793
2.84243
2.84243
2.96343
3.01282
3.04553
3.04553
3.04553
3.04553
3.04553
2.94152
3.02854
3.20631
3.20631
3.1905
3.1905
2.82718
2.83491
3.19926
3.26516
3.16639
3.00021
3.00021
3.00021
3.16305
3.16305
3.15526
3.22967
3.19497
3.19497
3.19497
3.19497
3.19497
3.06501
3.00058
3.00058
3.09273
3.09273
3.09273
3.09273
3.09273
3.09273
3.08778
3.08778
3.08778
3.08778
2.85641
2.93426
2.8756
2.8756
2.83278
2.7637
3.07394
3.11321
3.11321
3.11321
3.12474
3.08972
3.08972
3.17799
3.17799
3.17799
3.17799
3.17799
3.17799
3.15619
3.07815
3.12236
3.12236
3.12236
3.18032
3.18032
3.22843
3.22843
3.22843
3.22843
3.22843
3.19896
3.09128
2.68393
2.49631
2.90272
3.20391
3.20391
3.20391
3.24677
3.24677
3.24677
3.2211
3.2211
3.2211
3.2211
3.23396
3.23039
3.11246
3.11246
3.15295
3.15295
3.15295
3.12018
3.08774
3.14861
3.14861
2.95473
2.95473
3.09325
2.97362
2.62783
2.65327
2.65327
2.72395
2.72395
2.68202
2.87052
2.85939
2.85939
2.92439
2.92439
2.92439
2.85404
2.80717
2.80496
2.87083
3.16122
3.16122
3.17289
3.17484
3.0171
3.05177
3.05177
3.05177
3.17223
3.20599
3.20599
3.20599
3.20599
3.20599
3.20599
3.20599
3.20599
3.20599
3.10056
2.91745
2.99226
2.93211
2.85312
2.85312
2.67318
2.6614
2.72136
2.72136
2.9316
3.07982
3.14044
3.14044
3.14044
2.99479
2.99479
2.99479
2.99479
3.24423
3.24423
3.24423
3.15202
3.15202
3.25479
3.25479
3.25479
3.18649
3.13316
3.13316
3.13316
3.13316
3.13316
3.03907
2.75999
2.71488
2.79704
2.82208
2.88248
2.75893
2.47227
2.47227
2.48433
2.48433
2.92985
3.20509
3.20509
3.20509
3.20509
3.25163
3.25163
3.25163
3.25163
3.25163
3.15005
3.1703
3.1703
3.1703
3.1703
2.80847
2.80847
2.88387
2.88387
2.97482
2.97482
3.01448
2.65934
2.33957
2.27788
2.39895
2.72587
2.72587
2.85176
3.08569
3.08569
2.93619
2.93619
2.93619
2.93619
2.93619
2.98615
3.1977
3.20635
3.07088
3.07088
3.0183
3.0183
3.25101
3.25101
3.25101
3.19091
3.19091
3.19091
3.11886
3.11886
3.11886
3.11886
3.11886
2.97641
2.97641
2.91591
2.99347
3.03976
3.03976
3.03976
2.98881
2.88934
2.87807
3.12163
2.95425
2.95425
2.95425
3.00926
3.11677
3.12443
3.2199
2.97762
2.97762
2.97762
2.97762
3.23058
3.23058
3.21664
3.16778
3.16778
3.16778
3.16778
3.16778
3.16778
3.16778
3.16778
2.73466
2.73466
3.23004
3.23004
3.23004
3.23004
2.95253
2.95253
3.02936
3.02936
3.23291
3.23291
3.18687
3.18687
3.18687
3.18687
3.18687
3.15814
3.14347
3.13152
3.13767
3.13767
3.11543
3.12802
3.12802
3.12802
3.12802
3.03124
2.75636
2.75636
2.9421
2.9421
2.9421
2.9421
3.08717
2.79741
2.72677
3.21737
3.2339
3.2339
3.2339
3.12591
3.12591
3.12591
3.14562
3.14562
3.17393
3.17393
3.01271
3.01271
3.01271
3.01271
3.14482
3.14482
3.14482
3.16164
3.16164
2.65445
2.67674
3.08374
3.09989
3.09989
3.07352
3.15248
3.06645
2.98952
2.98952
3.02664
2.97114
2.97114
3.06648
3.06648
3.06648
3.06648
3.06648
3.06648
3.0887
3.02209
3.02209
3.01537
3.01537
3.05341
3.05341
3.01846
3.01846
3.01846
3.01846
3.01178
3.01178
3.0372
3.0372
2.66578
2.66578
3.07777
3.07777
3.10059
3.10059
3.10059
3.10059
3.10059
3.10059
3.10059
3.10059
2.9721
2.9721
2.70247
2.75068
3.2675
3.08895
3.08895
3.08895
3.08895
3.08895
3.07141
3.07141
3.07141
3.07141
3.07141
3.07141
3.07141
3.07141
2.87012
2.96714
3.04616
3.04616
3.04616
2.42148
2.39013
2.74801
2.93281
2.95378
2.95378
2.92674
2.69404
2.89091
2.89091
2.89091
2.86443
2.60455
2.83782
3.12243
3.04437
3.04437
3.04437
3.04437
3.04262
2.95863
3.01533
3.01533
3.01533
3.07802
3.07707
3.07707
3.07707
3.07707
3.03138
3.03138
3.02088
2.79262
2.80662
3.22782
3.22782
3.22782
3.22782
3.22782
3.265
3.265
3.18538
3.1077
2.27872
2.18076
2.51119
2.51119
2.51119
2.51119
3.06698
3.06698
3.06698
3.10322
3.10322
3.10322
3.10322
3.15507
3.15507
3.15507
3.15507
3.15507
3.15507
3.15507
3.15507
3.15507
2.93886
2.93886
2.91509
2.91509
2.7438
2.7438
3.24623
3.24851
3.24851
3.15698
3.15698
3.15698
3.15698
3.15698
3.15698
3.17126
3.17126
3.33145
3.30287
3.30287
3.19159
3.19159
3.19159
3.19159
3.17485
3.17485
3.24154
3.12768
3.12768
3.05397
3.05397
3.12139
3.13961
3.13961
2.94708
2.94708
2.89151
2.81948
2.92827
2.92827
2.92827
2.92827
2.92827
2.9961
3.17825
3.23518
3.19669
3.28143
3.28143
3.28082
3.1037
3.1037
3.20996
3.07913
3.07913
2.81371
2.9043
2.74598
2.59784
3.11334
3.10574
3.10574
3.00992
3.04516
3.08841
2.95792
2.99857
2.99857
2.99857
2.99857
3.11597
3.11597
3.00614
3.00233
3.03057
2.93324
2.98647
3.08929
3.17148
3.17148
3.01467
3.01467
3.08345
3.08345
3.08345
3.08345
3.08345
3.08345
3.08345
3.06971
3.06971
3.06971
3.06971
2.96288
2.78602
3.02223
3.14717
3.14717
3.14717
3.14717
3.14717
3.14717
3.21864
3.21864
3.21864
3.21864
3.21864
3.15525
3.2551
3.28317
3.28317
3.28317
3.28317
3.17497
3.17497
3.17778
3.17778
3.17778
3.17778
3.17778
3.17778
3.08458
3.08458
2.92158
2.89539
3.29859
3.18112
3.18112
3.19611
3.19611
3.29779
3.20415
3.14736
3.14736
3.14736
3.25841
3.25841
3.25841
3.14632
3.14632
3.14632
3.14632
3.14632
3.10082
3.17624
3.17624
3.17624
2.86275
2.9405
3.09444
3.00812
3.00812
3.00812
3.00812
3.07396
2.84764
2.84764
2.84764
2.84764
2.84764
2.88385
3.21011
3.01582
3.01582
3.01582
3.01582
3.01582
3.01582
3.23229
3.23229
3.12079
3.12079
3.10189
3.10189
3.10189
3.06572
3.06572
2.66247
2.63774
3.05368
3.05368
3.06549
3.13482
2.80259
2.80259
2.62997
2.62997
3.15097
2.96214
2.96214
2.92737
2.92737
2.94796
2.94796
2.94796
2.94796
2.94796
2.94796
3.09507
3.09507
3.18995
3.18995
2.74985
2.78346
2.79024
2.78505
2.62531
2.62531
2.62531
2.62531
3.14156
3.14156
3.12486
3.10107
3.10107
3.10107
3.05623
3.05623
3.05623
3.0326
2.91604
2.93188
3.15413
3.15413
3.15941
3.15941
2.95287
2.95287
3.24039
3.23606
3.02104
3.05712
2.96767
2.7776
2.7776
2.93329
3.10127
3.10127
3.21299
2.90608
2.78553
2.95995
2.95995
3.09754
3.09754
3.09754
3.09754
3.09754
3.14951
3.05878
3.13532
3.13532
3.02202
3.02202
2.9254
2.64669
2.60911
2.81896
3.01341
3.23568
2.56716
2.56716
2.56716
2.56716
3.15461
3.15461
3.15461
3.18777
3.18777
3.18777
3.18777
2.98183
3.05441
3.05441
3.05441
3.05441
3.05441
3.24995
3.24995
3.24995
3.28467
3.28467
3.28467
3.28467
3.28467
3.24219
3.24219
3.24219
3.05398
2.96809
2.96809
2.96809
2.78887
2.55378
2.55378
2.55378
2.91158
2.91158
2.6611
2.6611
2.6611
2.61547
2.84807
3.13952
3.13952
3.13952
3.13952
3.16394
3.11402
2.94845
2.94845
2.94845
2.99661
2.99661
2.74653
3.01641
3.0998
3.0998
3.0998
2.89033
2.89033
2.89033
2.89033
2.91053
2.91053
2.91053
3.06318
3.06318
3.07949
3.16616
3.16616
3.16616
3.15481
3.17021
3.17021
3.17021
2.94145
2.8962
3.20573
2.96221
2.96221
2.78278
2.78278
3.10816
2.92295
2.92295
2.97219
2.78303
2.76721
2.76721
2.76721
3.07139
2.96762
2.99577
2.99577
2.99577
2.97376
2.97376
3.13598
3.12399
3.12399
3.0761
3.0761
3.12506
3.12506
3.12506
2.95366
2.75475
2.75475
2.75475
2.78966
2.78966
2.78966
3.05171
2.96279
2.96279
3.14109
3.14109
3.14109
3.14109
3.23121
3.23121
3.23121
3.23121
3.27829
3.27829
3.27829
3.18959
3.18959
3.18959
3.18959
3.10549
3.10549
3.10549
3.10549
2.70334
2.70334
3.31027
3.31027
3.2772
3.2772
3.18298
3.18298
3.27913
2.87002
2.87002
2.87002
2.47578
2.65132
2.77565
2.77565
2.77565
2.93343
2.93343
2.93343
3.09867
3.09867
3.09867
3.09867
3.09867
3.01312
3.01312
2.87961
2.76993
2.76993
2.76993
2.64931
2.64931
2.72458
2.72458
2.72458
2.74673
2.86937
2.86937
3.10451
2.84171
2.84171
3.1528
2.95677
2.75021
2.75021
3.13229
3.29684
3.29684
3.29684
3.03018
3.03018
2.82431
2.82431
2.85869
2.85869
3.15302
3.15302
3.20458
3.13809
3.16427
3.16427
3.16427
3.16427
3.16427
3.16427
3.16427
3.2647
3.19876
3.19876
2.8687
2.8687
3.07208
3.06714
3.001
3.001
3.16875
3.16875
3.02257
3.02257
3.27982
2.92766
2.92766
3.22351
2.93735
2.93735
2.75929
2.75929
3.00682
3.00682
3.00682
3.00682
3.0202
3.0202
2.85834
2.85834
2.85834
2.85834
2.85834
2.63176
2.98886
3.1057
3.13476
3.1938
3.1938
3.05486
3.05486
3.05486
2.96836
3.0028
3.0028
2.58363
2.58363
2.92478
2.92478
3.07371
3.07371
3.19892
3.21974
3.21974
3.21015
3.21015
3.27544
3.28648
3.28648
3.05959
3.05959
2.91302
2.8587
2.8587
2.8587
2.8587
2.71002
2.89033
3.12598
3.12598
3.12598
3.12598
2.88426
2.88426
2.81896
2.81896
2.81896
2.81896
2.79681
2.98832
3.13361
3.13361
3.13361
3.12729
2.79678
2.79678
2.62782
2.62782
3.31935
3.31935
3.31935
3.31935
3.31935
3.31935
3.22364
3.22364
3.22364
3.04516
2.90729
2.84176
2.80946
2.93586
3.14207
2.74569
2.74569
2.74569
2.72182
3.06192
3.06192
3.09432
3.10027
3.18409
3.18409
3.18409
3.18409
3.18409
3.18409
3.18409
3.02296
3.05395
2.69046
2.69046
2.99347
2.99347
3.05704
3.05704
3.16736
3.16736
3.16343
3.21831
3.21831
3.21831
3.21831
3.21831
2.58664
2.36365
2.73907
2.7852
2.94895
2.94895
2.94895
2.94895
2.94895
2.94895
2.94895
2.94895
2.75281
2.75281
2.75281
2.80823
2.4438
2.38119
2.97036
2.73962
2.73962
2.69311
2.85434
3.08861
3.08861
3.21187
3.21187
3.21187
3.21187
3.2338
3.2338
3.15973
3.16411
3.21996
3.21996
2.95955
2.90986
2.90986
2.90986
3.05078
3.05078
3.16448
3.17888
3.192
3.192
3.13526
3.1605
2.91413
2.91413
3.14315
3.14315
3.14315
3.14315
3.22395
3.23327
3.23327
2.96922
2.90813
2.90813
2.90813
3.12257
3.12257
3.12257
3.13156
3.15669
2.90994
2.90994
3.23355
3.05791
2.92411
2.92411
2.92411
2.99702
2.87465
2.9168
3.12488
2.71654
2.5176
2.81027
2.84245
2.45624
2.67423
2.79225
2.79225
3.25879
3.11236
3.11236
3.11236
3.11236
3.08265
3.08265
3.20227
3.20227
3.03047
3.03047
2.96328
2.96328
2.96328
2.96328
2.96328
2.96328
2.81396
2.81396
2.9713
2.644
2.67736
2.96542
3.25256
3.06774
3.06774
2.5529
2.5529
3.00672
2.88291
3.08869
3.20147
3.20147
3.20147
3.29867
3.29867
3.29867
3.1674
3.1674
3.24964
3.12206
3.12206
3.12206
3.12206
3.12206
3.12206
2.88098
2.87915
3.18983
2.78171
2.78171
3.22035
3.22035
3.22035
3.22035
3.25288
3.25288
3.25288
2.94248
2.94248
3.11127
3.07003
3.13501
3.13501
3.13501
3.13501
3.13501
2.8126
2.8126
2.53341
2.53078
2.53078
2.26096
2.22128
2.45048
3.06761
3.23212
3.21926
3.21926
3.21926
3.21926
2.95272
2.95272
3.31714
3.16036
3.16036
3.16765
3.16765
3.16765
3.16765
3.16765
3.16765
3.1663
3.1663
3.1663
3.00342
3.00342
3.00342
3.00342
3.00342
3.00342
3.00342
2.67099
2.67099
3.03314
3.03314
3.03314
3.03314
3.03314
3.06532
3.06532
3.06532
3.11583
3.11583
2.91948
2.97085
2.97085
2.97085
2.97085
2.97085
3.04321
3.07319
3.07319
3.07319
2.92555
2.46001
2.46001
2.65818
2.29927
2.35211
2.87126
2.68179
2.77872
3.11724
3.11724
2.91344
2.88666
2.83274
2.70307
3.03334
3.03334
3.03334
3.03334
2.89562
2.89562
2.62109
2.62109
2.99233
2.99233
2.99233
2.83914
2.83914
2.71319
2.78033
3.15947
3.15947
3.17601
3.17601
3.19052
3.19052
3.18253
2.97436
2.97436
3.04658
3.04658
3.04658
3.14533
3.14533
3.14533
3.09323
3.07645
3.18935
3.18935
2.98143
2.95411
2.95411
2.9988
2.95693
2.95693
2.97095
2.97095
2.66255
2.66255
2.69995
2.69995
2.6611
2.6611
2.8894
2.8894
2.87347
2.71319
2.71319
2.80602
2.92812
3.00714
3.26181
3.26181
3.26797
3.26797
3.13222
3.13222
3.13222
3.00662
3.00662
3.00662
3.00662
3.00662
2.91665
2.91665
3.06114
2.94839
2.94839
3.13865
2.9429
2.98456
2.98782
2.98782
3.23471
3.14618
3.09277
3.09277
2.92548
2.92548
3.12071
3.12071
3.12071
3.12071
3.12071
3.12071
3.08569
3.08569
3.08569
3.02335
3.06985
2.78563
2.00706
2.40906
3.19645
3.14429
3.14429
3.14429
3.14429
3.14429
3.13279
3.13279
3.13279
3.13279
3.19134
3.19134
3.19134
3.19134
3.19134
3.19134
2.83745
2.68375
2.92074
3.02231
3.02231
3.02231
3.02231
2.87278
2.64852
2.63898
2.40845
2.40845
2.40845
2.66823
2.67496
2.67496
2.95718
2.95718
3.04415
3.04415
3.17577
3.17577
3.16221
3.18568
3.18568
3.18568
3.18568
3.18568
3.2562
3.2562
3.2562
3.14209
3.14209
3.12769
3.12769
2.99764
2.99764
3.15784
3.15784
2.93244
2.93244
2.93244
2.85761
2.85761
2.60913
2.40448
2.61457
3.09761
2.96773
2.96773
3.09536
3.049
3.06614
2.94825
2.94825
2.94825
3.06079
3.06079
3.05634
3.05634
3.05634
3.20873
3.20873
3.20873
3.20873
3.20873
3.20873
3.18404
3.18404
3.13311
3.13311
3.15917
3.15917
3.26837
3.26837
3.26837
3.26837
3.26837
3.19497
3.07947
3.02537
3.02537
3.06574
3.06574
3.03819
3.00845
3.14831
3.33253
3.33253
3.15627
3.15627
3.22377
2.90075
2.86984
2.98904
2.77283
2.71757
2.71757
2.84561
2.84561
2.84092
2.84092
2.84003
2.57243
2.69186
2.80103
2.80103
3.11208
2.87251
2.87251
3.1091
3.1091
3.1091
3.1091
3.1091
3.07668
3.07668
3.14579
2.92324
2.92627
2.92627
2.92627
2.83449
2.83449
2.86744
3.04367
2.94679
2.94679
2.78752
2.78752
3.11209
3.11209
3.11209
3.00064
3.00064
3.00064
3.00064
2.7986
2.69078
2.69078
2.69078
2.71582
2.69101
2.74915
2.74915
2.65688
2.82451
2.82451
2.84404
2.65405
2.6163
2.6163
2.74377
2.87164
2.94052
3.31065
3.31065
2.73388
2.73388
3.1803
3.1803
3.19123
3.19123
3.20703
3.05953
3.05953
3.19964
3.19964
3.19964
3.19964
3.19964
3.19964
3.21972
2.83784
2.83784
2.83312
2.83312
3.18129
3.01114
3.01114
3.01527
2.97723
2.95707
2.87761
2.97986
3.05274
3.09028
3.09028
3.09028
3.1098
3.1098
3.25376
3.1336
3.1336
3.1336
3.1336
3.29875
3.24009
3.24009
3.24009
3.24009
3.24009
3.24009
2.79701
2.6657
3.17332
3.30235
3.30235
3.30235
3.30235
3.30235
3.30235
3.30235
3.30235
3.30235
2.98061
2.9381
2.9381
2.9381
2.9381
2.66046
2.66046
2.41876
2.56754
2.57887
2.57887
2.67058
2.67058
2.83334
2.81387
3.06669
3.06669
3.06669
3.03796
3.03796
3.03796
3.03796
3.01852
2.75289
2.21941
2.08054
2.24787
2.41669
2.42933
2.67538
2.64663
2.52323
2.49877
2.50875
2.97744
3.12942
3.16988
3.16988
3.19683
3.19683
3.16652
3.16652
3.00756
3.00756
3.00756
3.00756
2.09222
1.86962
2.54043
2.59348
2.79245
2.79245
3.01921
2.91061
2.91061
3.09284
3.1046
2.74046
2.73262
2.82067
2.82067
2.99923
3.02263
3.02263
3.02263
3.02263
3.06769
3.19764
3.19764
3.13352
3.03632
3.04552
3.19531
3.23359
3.22181
3.30439
3.30439
3.07725
3.07725
3.09318
3.06569
2.95032
2.95032
3.20099
3.20099
3.22328
3.22328
3.22328
3.19291
3.19291
3.27707
3.27707
3.23956
3.19776
3.19776
3.19776
3.19776
3.19776
3.19776
3.14051
3.14051
3.14051
3.14051
3.14051
3.14051
3.20182
2.99543
2.99543
2.92106
2.92106
3.07413
3.07413
3.20466
3.14368
3.04242
3.11519
3.21203
3.21203
3.21203
2.95704
2.87878
3.1051
3.15208
3.18271
3.18271
3.18271
3.18271
3.18271
3.25141
3.25141
3.25141
3.15584
3.15584
3.29212
3.10071
3.10071
3.29046
3.19412
3.19412
3.19412
3.19412
2.93427
2.93427
2.97615
2.97615
2.97615
2.75008
2.76656
2.76724
3.09689
3.27082
3.27082
3.3302
3.07363
2.90693
2.91479
2.91479
2.91479
2.91479
3.02213
3.12583
3.27522
3.344
3.344
2.9441
2.9441
3.10819
2.99279
2.99279
2.95716
3.04362
2.9307
2.9307
2.9307
2.9307
2.9307
2.72807
2.72807
2.58688
2.18008
2.47704
3.00891
3.00891
3.00891
3.00891
3.00891
3.11832
3.11832
3.11832
3.08662
3.08662
3.08662
3.08662
2.97702
2.97702
2.97702
2.86356
2.84966
2.92929
3.16479
3.16479
3.16479
3.09941
3.08336
2.80544
2.80544
2.97905
2.98952
2.98952
3.03844
3.03844
3.03844
3.05407
2.87344
2.89651
3.07824
3.08397
2.79508
2.76165
2.76165
2.88182
2.73771
2.73771
2.52928
2.52928
2.94924
3.09778
3.09778
3.02755
3.02755
3.02755
3.02755
3.08752
3.08752
2.99477
2.99477
2.86699
2.94481
2.81677
2.87681
2.81648
2.81648
2.81648
2.81648
3.18051
3.18051
3.05039
3.05039
3.21291
3.21291
3.21291
3.21291
3.06675
3.03867
3.03867
2.9389
2.9389
3.01116
2.88601
2.88601
3.04925
3.04925
3.14146
3.26334
2.99166
2.83796
2.83796
2.78528
2.86282
2.86282
2.37566
2.48316
2.48316
2.38738
3.11937
3.18673
3.18673
3.16736
3.16736
3.28143
3.28143
3.28143
3.28143
3.28143
3.28143
3.24671
3.24671
3.24671
3.24671
3.24671
3.24671
3.24671
3.24671
3.24671
3.24671
3.30271
3.25091
3.25091
3.17241
3.17241
3.17241
3.17241
3.17241
2.93265
3.02851
2.92112
2.9325
3.16234
3.16234
3.16234
3.16234
3.16234
3.11558
3.11558
3.11558
3.11558
3.11558
3.11558
3.11558
3.14639
3.13676
3.13676
2.83646
2.90345
3.04508
3.04508
3.04508
3.04508
3.21071
3.21071
3.22261
3.22261
3.22261
3.13733
3.13733
3.14146
3.14146
3.14146
3.14146
3.14146
2.99192
2.93112
3.08758
2.89668
2.89668
2.99438
2.99438
3.24077
2.93264
2.84297
3.13135
2.74932
2.74932
2.38588
2.38588
2.4165
2.41489
3.19383
3.19383
3.10485
3.10485
3.10485
3.1475
3.19962
3.19962
3.27253
2.60413
2.60413
2.60413
2.60413
3.18292
3.1628
3.1628
3.1628
3.19865
3.19865
2.66068
2.66068
2.6562
2.65764
3.26217
3.26217
3.26217
3.26217
3.26217
3.26217
3.26217
3.26217
3.26217
3.30823
3.30823
3.30823
3.2981
3.2981
3.2981
3.21703
2.87238
2.6601
2.6601
2.6601
2.72932
2.99965
2.99965
2.99965
3.07241
3.07241
3.10102
2.53541
2.53541
2.71926
2.71926
3.1417
3.29213
3.21325
3.21325
3.21325
3.17846
2.70659
2.36766
2.74665
2.88051
2.88051
2.78781
2.489
2.80068
2.80068
2.68297
2.68297
2.86551
2.93114
2.8923
2.87999
2.72703
2.91101
2.80231
2.84406
2.7102
2.79774
3.13757
3.11061
3.11061
3.11061
3.11061
3.11061
3.17665
3.27754
3.27754
3.27754
3.27754
3.27754
3.27754
3.27754
3.27754
3.27754
3.27754
3.27754
3.27754
3.24228
3.24228
3.11523
3.11523
3.11523
3.11523
3.10409
3.10409
3.14068
3.11104
3.11104
3.04745
3.1032
3.05157
3.05157
3.14132
3.14132
3.14132
3.14132
3.20766
3.18379
3.18379
3.18379
3.00627
3.00627
3.19977
3.18695
3.05139
3.12484
3.12484
3.17447
3.17447
3.17447
3.301
3.10019
3.10019
3.17934
3.17934
3.23101
3.23101
3.20754
3.08048
3.1551
3.1551
3.1551
3.1551
3.1551
3.1551
3.1551
3.20857
3.20857
3.19771
3.19771
3.07427
2.91392
2.91392
2.91392
2.91392
2.91392
2.91392
2.91392
2.91392
2.91392
2.96747
2.97061
2.74762
2.71042
2.71042
2.94509
2.66103
2.66103
3.19955
2.99401
2.92777
2.92777
2.93537
2.99224
3.14778
3.25242
3.25242
3.25242
3.25242
3.25242
3.25242
2.98187
2.98603
2.98603
2.50975
2.50975
2.76777
2.98778
2.98778
2.98778
3.04932
3.02178
3.02178
3.02178
3.02178
2.50482
2.29805
2.62038
2.97432
3.22722
3.22722
3.26933
3.26933
3.12457
3.12457
3.12457
3.12457
3.12457
3.14973
3.08804
3.08804
3.08804
2.99851
3.13785
2.6864
2.65616
2.65616
2.65616
2.88618
2.491
2.491
2.78134
2.93969
2.81936
2.81936
2.66721
2.73739
3.09578
3.01803
2.92213
2.92213
2.92213
3.01498
3.003
3.003
2.9585
2.80857
3.01073
2.88893
2.88893
2.88893
2.88893
3.09833
3.09833
3.09833
3.09833
3.11297
3.07224
3.07224
2.97671
2.86034
2.92259
2.94181
2.66402
2.89555
2.75299
2.75299
3.31493
3.20596
3.20596
3.20596
3.20596
3.07048
3.06227
3.15229
3.15229
3.15229
2.69305
2.65477
2.75169
2.80229
3.14533
2.9728
2.9728
2.9728
2.9728
3.12774
3.12774
3.2792
3.2792
3.2792
3.27454
3.26647
3.21588
3.21588
3.2291
3.16585
2.96353
2.96353
2.84278
2.82301
2.37717
2.18089
2.47606
2.73775
2.85661
2.85661
2.91623
2.79924
2.79924
2.72996
2.83568
2.83568
2.82441
2.86171
2.86171
3.02916
3.04662
3.07828
3.07828
3.07828
3.26817
3.05858
3.05858
3.20369
3.26531
3.26531
3.13434
3.13434
3.11153
3.07102
3.0918
3.0918
2.77282
2.77282
3.19166
3.19166
3.23324
3.23324
3.19429
3.19429
3.19429
3.19429
3.19429
3.10043
3.10043
3.10043
3.10043
3.10043
3.10043
3.10043
3.10043
3.11044
3.04841
3.18397
3.18397
3.1636
3.1636
3.18031
2.99615
2.88441
2.95101
2.81047
2.81047
2.81047
2.9835
2.9835
2.9835
2.9835
2.9835
2.92582
2.74883
2.55388
2.69251
2.82027
2.82027
2.90452
2.90911
2.90911
2.90911
3.18079
2.95093
2.95093
3.09158
2.87036
2.96107
3.04051
3.04051
3.04051
3.04051
3.14234
3.23067
3.23067
3.23067
3.23067
3.10383
3.09543
3.09543
3.06681
3.06681
3.06681
3.06681
3.08484
3.03539
2.99629
2.96797
2.77965
2.88653
2.98335
3.04304
3.04304
3.04304
3.04304
3.04304
3.03663
2.56503
2.56503
2.8565
3.07709
3.07709
3.12104
2.99934
2.99934
2.9998
2.9998
3.24145
3.24145
3.22394
3.22394
3.26863
3.26863
3.33983
3.33983
3.14949
2.94817
2.94817
2.94817
2.94817
3.01108
3.06992
3.17495
3.23541
3.23541
3.23541
3.23541
3.21949
3.21949
3.21949
3.21949
3.21949
3.21949
3.21949
3.21949
3.21949
3.21949
3.21949
3.21949
3.21949
3.15161
3.15161
3.15161
3.14575
3.22162
3.22162
3.22162
3.22162
3.22162
3.22162
3.22162
3.32154
3.32154
3.27244
3.27244
2.95766
2.95766
2.95766
2.95766
3.06324
3.06324
3.06324
3.08508
3.08508
3.03015
3.26526
3.26526
3.26526
3.26526
3.26526
2.9857
2.9857
3.11658
3.11658
3.32795
3.32795
3.23289
3.23289
3.01449
2.86614
2.86614
2.86614
3.1251
3.1251
3.1251
3.1251
3.10877
3.08002
2.80777
2.80777
2.91386
2.91386
2.91386
2.99605
2.99869
2.99869
2.99869
2.81453
2.81453
2.77095
2.77095
2.77095
2.98441
3.25214
3.25214
3.16897
2.97046
2.89876
2.89876
2.89876
2.89876
3.09202
3.05122
3.05122
3.05122
3.05122
3.18163
2.94861
2.94861
2.92398
2.92398
3.12969
3.16536
3.16536
3.16536
3.14257
3.14257
3.13623
2.94913
3.00726
3.00726
3.00726
3.12087
2.89345
2.89345
2.89345
2.89345
2.94374
2.94374
2.94374
2.94374
2.94374
2.97942
2.97942
2.97942
2.76735
2.76735
2.83455
2.69228
2.71567
2.80097
3.01496
3.01496
3.01496
3.01496
3.06455
3.21449
3.26016
3.26016
3.26016
3.26016
3.2445
3.2445
3.2445
3.25342
3.07891
3.07891
3.2138
3.17252
3.17252
2.92987
2.8855
2.8855
2.7793
2.78521
2.76727
3.03744
3.12799
2.99308
3.14288
2.93023
2.93023
2.62516
2.62516
3.2963
3.21976
3.21976
3.21976
3.21976
3.21976
3.02364
3.02364
3.22811
3.24838
3.24838
2.99844
2.84544
2.93424
2.93424
2.7589
2.80616
2.81035
2.80672
3.0126
3.0126
3.08177
3.08177
3.08177
3.20438
3.24898
3.11414
3.11414
3.14267
3.14267
3.20219
3.10269
3.10269
3.10269
3.10269
3.02856
2.92436
2.92436
2.89094
2.76675
2.76675
2.76675
2.66623
2.51608
2.25806
2.69962
3.15946
3.15946
3.14068
3.14068
3.14068
3.14068
3.23191
3.23191
3.23191
3.23191
3.11083
3.14257
3.14257
3.14257
3.14257
2.9518
2.88029
2.97711
2.97711
3.06667
3.24721
3.24721
3.24721
3.24721
2.56693
2.49449
2.47441
2.47441
2.83183
2.83183
2.83183
2.87421
3.21856
3.21856
3.21856
3.28828
3.28828
3.28828
3.06209
3.06209
3.2231
3.23133
3.23133
3.24521
3.07756
3.07756
3.25197
3.25197
3.23988
3.23988
3.23988
3.17
3.17
3.1337
3.1337
3.00853
3.00853
3.00853
3.00853
2.99175
2.99175
2.99175
3.04568
3.04568
3.04568
3.04568
2.9876
2.9876
3.0093
3.0093
2.98222
2.61121
2.61121
2.98635
2.98635
2.98635
2.97052
3.2049
3.07207
3.07207
3.16576
2.74914
2.74914
3.12735
3.24006
3.24006
3.22908
3.25356
3.25356
3.10504
2.88916
2.90653
3.02084
3.02084
3.02084
2.93938
2.93938
3.125
3.125
3.125
3.13501
2.94639
2.99539
3.16693
3.16693
3.16693
2.62508
2.62508
2.96571
2.96571
2.93748
2.93748
3.18966
2.99082
2.99082
2.99425
2.99425
3.10142
3.10142
3.10142
3.10142
3.10142
3.03478
3.03478
3.03478
3.03478
3.03478
2.84263
2.85498
3.03984
2.91661
2.91661
3.09741
3.09741
3.09741
3.09953
2.92491
2.92491
3.01199
3.01199
3.14247
3.21588
3.21588
3.07396
3.07396
3.07396
3.07396
3.07396
3.07396
3.06996
3.06996
2.95377
2.95377
3.02759
3.02759
3.13976
3.13976
3.16039
3.16039
2.90311
2.90311
2.87621
2.28949
2.7397
3.02632
2.99507
3.24386
3.24386
3.24386
3.24386
3.23153
3.23153
3.23314
3.23314
3.23314
3.23314
3.16139
3.16139
3.23227
3.23227
3.10972
3.10972
3.24737
3.24306
2.79837
2.79837
3.02558
2.55479
2.71296
3.11479
3.11479
3.11479
3.11479
3.11294
3.19188
3.12558
3.12558
3.07918
3.07918
3.03098
3.03098
3.03098
2.96083
2.8295
2.8295
2.8295
2.8295
2.8295
2.76067
2.62693
2.62693
2.75521
2.82252
3.08815
3.08815
3.20733
3.20733
3.20733
3.33394
3.33394
3.06948
3.06948
2.9967
2.9967
3.30026
3.30099
3.30099
3.30099
3.30099
3.29129
3.29129
3.13013
3.07139
2.86423
2.80554
2.99856
2.99856
2.65101
2.65101
2.59685
2.59685
3.12693
3.18953
3.18953
3.25274
3.25274
3.25274
3.05787
3.05787
3.2291
3.2291
3.19806
3.19806
3.30508
3.30508
3.30508
3.30508
3.23381
3.23381
3.23381
3.11469
3.14905
3.14905
2.9837
3.05581
3.16609
3.16609
3.17543
3.17543
3.17543
2.91887
2.91887
2.89124
2.65193
2.65193
2.75258
2.75889
2.72171
2.72171
2.81665
2.85228
2.85228
2.85228
2.93692
2.94126
2.76328
2.76328
2.73054
2.95155
2.87835
2.87835
2.9862
2.9862
2.87829
2.87829
3.11512
3.11512
3.11512
2.85915
2.85915
3.12509
3.12509
3.16584
3.16584
3.16584
3.15202
3.15202
2.96884
2.95298
2.97259
2.97259
2.70584
2.65317
2.77929
2.77929
2.77929
2.77929
3.17566
3.26413
3.1427
3.1427
3.1427
3.13083
3.18072
3.18072
3.25835
3.25835
3.25835
3.25835
3.25835
3.25835
2.95888
2.95888
2.87129
2.66046
2.81462
2.81462
2.81462
2.81462
2.81297
2.81297
2.83208
2.89248
2.79264
2.76403
3.09004
3.17973
3.17973
3.17973
3.16257
3.16257
2.99054
2.92805
2.75133
2.75133
2.96883
2.79919
2.79919
2.9201
2.83506
3.03374
3.09028
3.09028
3.25017
3.25017
3.25017
3.25017
3.25017
3.25017
3.09329
3.09329
3.10375
3.10375
3.10375
3.10375
3.03597
3.02574
3.25983
3.25983
3.24804
3.0667
2.939
2.939
2.939
3.03542
3.11103
3.11103
3.11634
3.11634
3.19851
3.19851
3.10889
3.14603
3.14603
3.14603
3.25162
3.25162
3.21032
3.21188
3.21188
3.25385
2.94858
2.96371
2.96371
2.96371
2.96371
2.96371
2.96371
2.96371
2.96371
2.96371
2.96371
2.96371
2.96371
2.74772
3.00199
2.79399
2.85114
3.0504
2.87584
2.82091
2.82091
2.96093
2.93087
2.93087
2.93087
2.73387
2.81378
2.93326
2.93326
3.01257
3.01257
3.01257
2.88781
2.88781
2.92045
2.92045
3.07804
3.07804
3.02758
2.94228
2.76541
2.76541
2.76541
2.76541
2.92008
3.02435
2.72985
2.72985
3.09506
3.09506
3.08161
3.15662
3.15662
3.20588
2.98205
2.98205
2.98205
2.98205
2.98205
2.74905
2.91247
2.91526
2.91526
3.13163
2.73784
2.73784
2.70607
2.70607
3.02516
3.02516
2.69627
2.69627
2.69627
2.61237
2.95051
2.86258
2.60834
2.71892
3.05577
3.0134
3.1758
3.1758
3.1758
3.1758
3.02924
3.02924
3.02924
3.02592
2.86752
2.86752
3.09414
3.09414
3.01605
3.01605
3.08832
3.16403
3.05679
3.05679
3.14773
2.858
2.70753
2.7254
2.83189
2.83189
2.88158
3.16559
3.23166
3.23166
3.23166
3.23166
3.23166
3.23166
3.24592
3.23972
3.19786
2.95727
2.95727
2.95727
2.95727
3.15471
2.96472
3.04019
3.19939
3.19939
3.22719
3.22719
3.26344
3.26344
3.26344
3.05748
3.05748
3.12414
3.12414
3.12414
3.03625
3.03879
3.03879
3.10032
3.10032
3.10032
3.20139
3.08603
3.08603
3.2366
3.2366
3.2366
3.2366
3.25005
2.69068
2.65259
2.65259
2.65259
2.55468
2.59573
2.56702
2.39278
3.00304
3.00304
2.98873
2.98873
3.01886
3.01886
2.66848
2.74993
2.60153
2.60153
2.97628
2.96642
2.96642
2.91808
2.91808
2.91808
3.08186
3.08186
3.08186
3.08186
3.08181
2.99234
2.99234
2.90205
2.90205
3.26386
3.15232
3.15232
3.15232
3.15232
3.05672
3.05672
3.05672
3.05672
3.05672
3.05672
3.05672
3.05672
3.28017
3.07923
3.07923
3.10984
2.77382
2.69079
2.82008
2.82008
2.62307
2.65612
2.65612
2.84215
2.84215
2.59571
2.67603
2.62879
2.62879
2.67551
2.93656
2.94428
2.91401
2.75726
2.58064
2.63555
2.93054
2.88473
2.80913
2.99212
2.93484
3.18441
3.20489
3.20489
3.20489
3.20489
3.32912
3.06405
3.06405
3.20951
3.20951
3.33122
3.33122
3.33122
3.33122
3.04305
3.04305
3.19128
3.19128
3.19128
3.19128
3.19128
3.19128
3.20398
3.20398
3.19499
3.19499
3.19499
3.19499
3.19499
3.19499
2.74201
2.74201
3.1486
3.1486
3.3261
3.13906
3.13906
3.13906
2.88113
2.9999
3.27173
3.19062
3.19062
3.19062
3.19062
3.27343
3.27343
3.27343
3.27343
3.27343
3.27343
3.27343
3.27343
2.5753
2.5753
2.83295
2.62159
2.69861
2.91348
3.17021
3.17021
3.15049
3.11845
3.11845
3.11845
3.11845
3.11845
3.17376
3.16065
3.16065
3.15186
3.20609
3.00506
3.00506
2.89224
2.89224
2.89224
2.94962
3.07428
3.07428
3.27064
3.21481
3.23121
2.94514
2.94514
3.25881
3.25881
3.25881
3.25881
3.17579
3.17579
2.9991
3.03042
3.03042
3.03042
3.31993
3.31993
3.31993
3.31993
3.30497
3.30497
2.94984
2.94984
3.01193
3.01193
3.12132
3.12132
3.12132
3.12132
3.15719
3.15719
3.10852
3.10852
3.10852
3.10852
3.28138
3.28138
3.28138
3.28138
3.28138
3.1448
3.1448
3.1448
3.1448
3.20372
3.27182
3.27182
3.27182
3.27182
3.17664
3.17656
3.09638
2.91485
2.91485
2.79475
2.86493
3.04493
3.04493
3.04493
3.07622
3.15496
3.20136
3.24
3.21291
3.23117
3.23117
3.23117
3.23117
3.25857
3.27258
3.27258
3.27258
3.27627
3.27627
3.27627
3.21389
3.2035
3.2035
3.2035
3.2035
3.24277
3.05705
2.96428
2.96428
2.96428
3.11748
3.14277
3.14277
3.14277
3.14277
3.14277
3.049
3.049
3.11064
2.72641
2.72641
2.86799
2.92864
3.18632
3.23204
3.23204
3.14793
3.14793
3.14793
3.14793
3.14793
3.14793
3.19462
3.19462
3.16005
3.16005
2.92187
2.88362
2.75237
2.68251
2.55368
2.55368
2.98432
2.98432
2.98432
2.69816
2.6598
2.6598
2.84264
3.21923
3.21923
2.99582
2.99582
2.92234
2.58203
2.58203
2.81581
2.81581
2.81581
2.91618
2.95932
3.20217
3.20217
3.20217
3.20982
3.20982
3.22117
3.22117
3.22117
3.22117
3.22117
3.22117
3.22117
3.22117
3.31287
3.31287
3.31287
3.31287
3.22878
3.2577
3.18724
2.95304
2.95304
2.95304
3.04346
3.22601
3.22601
3.10263
3.10263
3.06265
3.01812
3.01812
2.8471
2.8471
2.8471
2.96183
2.96183
2.67697
2.6723
2.58605
2.58605
2.89857
3.11908
3.11908
3.07959
3.03742
2.9338
2.9338
2.9338
2.9338
2.93364
2.93364
2.93364
2.95989
3.05496
3.05496
3.05496
2.97981
3.05145
3.20077
3.21132
3.25048
3.25048
3.25048
3.25048
3.25048
3.25048
3.25048
3.25048
3.25048
3.25048
3.15282
3.15282
3.22785
3.17592
3.0467
3.00318
2.95571
2.95571
2.95571
2.95571
2.90736
2.90736
2.90736
2.90736
3.13057
2.88621
2.88621
2.88621
2.88621
2.65287
2.47057
2.90073
2.90073
2.90073
3.01474
2.98389
2.98389
2.98389
2.98389
2.98389
2.98389
3.04436
3.16292
3.16292
3.16292
2.93736
2.93736
3.28415
3.03465
3.03465
3.13664
3.12183
3.12183
3.12183
3.11509
3.11509
2.95362
2.95362
2.99637
2.99637
2.99637
2.99637
3.29001
3.29001
3.29001
3.29001
3.265
3.03792
3.03792
3.21215
3.15573
3.15573
3.24772
3.26317
3.26317
3.26317
3.26317
3.26317
3.26317
3.25855
3.25855
3.15395
3.15395
3.13799
3.13799
3.03594
3.03594
3.1109
2.87955
2.87955
3.06544
3.06544
3.06544
3.06544
3.06544
3.06544
3.06544
3.11064
3.11064
3.11064
3.0308
3.0308
3.13755
3.13755
3.13755
3.13755
3.13755
3.13755
2.86659
2.83121
2.83121
2.91993
2.91993
2.95084
2.95084
2.95084
2.95084
2.95084
2.95084
2.95084
2.95084
2.98908
2.99694
2.99694
3.04628
2.95876
2.95876
2.95876
3.14832
3.14832
3.14832
3.14832
3.12288
3.12288
3.12288
3.12288
3.12288
3.12288
2.83739
2.84124
2.96658
2.48788
2.48788
2.79297
2.56106
2.56106
2.85291
2.14528
2.14528
3.13954
3.18717
3.18717
3.14441
3.14441
2.91645
2.91645
3.15498
3.15498
3.01063
2.95475
3.17469
3.17469
3.17469
3.17276
3.25739
3.25739
3.25739
3.34276
3.18538
3.18538
3.18538
3.18538
3.31715
3.31715
3.17591
3.04063
3.04063
2.95174
2.95174
2.83729
2.83729
2.83729
2.62797
2.84031
2.84031
2.75602
2.75602
2.75602
2.75602
2.80018
3.01486
3.01486
3.01486
3.01486
2.91066
2.91066
2.91066
2.79422
2.79422
2.79422
2.84603
2.31324
2.31324
2.83392
2.83392
2.80323
2.82753
2.82753
2.90629
2.90629
2.93607
3.16249
3.16249
3.16249
3.02779
3.0285
3.0285
3.0285
3.0285
3.11716
3.11716
3.11716
3.09735
3.0341
2.95831
2.76894
2.67154
2.67154
2.87632
2.73729
2.73729
2.71664
2.44648
2.62491
3.03709
2.98937
2.98937
2.98937
2.96449
2.89717
2.89717
3.01805
3.01805
3.22764
3.22764
3.22764
3.07941
3.07941
3.14218
3.14218
3.14218
3.14655
3.18601
3.18601
3.18601
3.18601
3.18601
3.18601
3.22401
3.25042
3.25042
3.21859
3.24214
3.28367
3.28367
2.70714
2.70714
3.10373
2.97967
2.89183
3.04522
3.25981
3.14385
3.14385
3.06583
2.62062
2.62062
2.96532
2.96532
2.96532
3.19509
3.19509
3.12755
3.12755
3.12755
2.92113
2.92113
2.92113
2.90196
3.21931
3.04258
2.78527
2.69676
2.86608
2.86608
2.86608
2.90544
2.91598
3.08047
3.08621
2.87806
2.88847
2.88847
2.88847
2.68034
2.68034
2.68034
2.68034
3.04079
3.04079
3.24388
3.24388
3.24388
3.24388
3.24839
3.24839
3.24839
3.28599
3.08944
2.99125
2.99125
2.83557
2.79485
2.62486
2.75375
2.90989
2.90989
2.94541
2.94541
2.94541
2.94541
2.82049
2.77443
3.09409
2.99875
2.95581
2.95581
2.96306
3.19026
3.28607
3.28607
3.19641
3.19641
3.19641
3.19641
3.21052
3.04764
3.07543
3.07151
3.08879
3.13254
3.17707
3.17707
3.19044
3.19044
2.99805
2.83461
2.91967
3.11977
3.07171
3.07171
3.16386
2.93898
2.77767
2.73044
2.51009
2.66463
2.65732
2.65732
3.0714
3.00084
3.00084
3.00084
3.00084
3.17761
3.17761
3.1132
3.1132
3.1132
3.1132
3.1132
3.1132
3.15126
3.16801
3.16801
3.16801
2.99303
2.9961
2.9961
2.9961
3.02873
2.78619
2.78619
2.78619
2.78619
2.78619
2.78619
2.63205
2.63205
2.62883
2.62883
2.96461
3.03399
3.03399
2.78495
2.78495
3.14045
3.23044
3.23044
3.05464
2.9619
2.9619
2.94777
2.94777
2.94777
2.89383
2.89383
2.89383
2.89383
2.99183
2.62532
2.62532
2.62532
2.73145
3.08669
3.08669
3.02601
3.02601
3.05122
3.05122
3.21216
3.21216
3.21216
3.21216
3.05606
3.02476
3.1945
3.1945
3.20006
3.20006
3.20006
3.20006
3.06731
2.97216
3.00911
3.00911
3.13702
3.01186
3.00232
3.00232
3.00232
2.66385
2.66385
2.66385
2.66385
3.20017
3.20017
3.20052
3.20052
3.09114
3.04393
2.87621
2.87621
2.79886
2.79886
3.07308
2.74887
2.50736
2.80891
3.12361
2.72204
2.74218
2.9937
2.84528
2.84528
3.01466
3.01466
3.01466
3.13112
3.13112
3.28782
3.19667
3.05719
3.17219
3.26057
3.14563
3.14563
3.10304
3.10304
3.10304
3.10304
3.10304
3.10304
3.12615
3.09216
2.98936
2.98936
3.18466
3.22163
3.22163
2.94858
2.94858
2.7433
2.81261
2.96234
2.96234
3.09643
3.09643
2.98721
2.95113
2.96134
2.96134
3.30443
3.32419
3.32419
3.21653
3.21653
3.29247
3.29247
3.29247
3.29247
3.18072
2.81748
2.96623
3.07608
3.07608
3.07608
3.07608
3.26255
3.26255
3.26255
3.19118
3.09767
3.09767
3.09767
2.81684
2.81684
2.81684
2.94983
2.89025
2.89025
2.89025
2.89025
2.89025
2.88616
3.11462
3.11244
3.11244
3.01369
2.9562
2.9562
2.90763
2.90763
2.90763
2.65622
2.65622
2.69599
2.69833
2.54387
2.67047
2.67047
2.76784
2.89534
2.55514
2.62543
2.78123
2.99377
3.22171
3.11731
3.11731
3.1906
3.1906
3.1906
3.18436
3.18436
3.01007
3.01007
2.96064
2.96064
3.01143
3.01143
3.01143
3.01143
2.84633
2.84633
2.84164
2.81073
3.12394
3.12394
3.12394
3.12394
3.01661
3.12899
3.12899
2.92705
2.92705
2.92705
2.9504
2.93041
2.93041
2.93041
2.95216
2.86556
2.95174
2.95247
2.95247
2.95247
2.96167
2.96167
2.79586
2.79586
2.79586
2.79586
2.81739
2.81739
2.81739
2.81739
2.81739
2.81739
2.9189
2.77175
2.68138
2.91816
2.77331
2.77331
2.93602
3.1017
2.98655
2.98655
3.0272
3.0272
3.0272
2.95513
3.00833
2.78886
2.7701
2.84263
2.84263
3.08342
3.16924
3.16924
3.16924
3.16924
3.16924
3.16924
3.09105
3.15183
3.15183
3.02812
3.02812
3.08364
3.1203
3.13359
3.13359
2.88393
2.88393
2.88393
2.76381
2.86274
2.96932
2.71763
2.76442
3.13754
3.13754
2.94485
2.94485
2.94485
2.93167
2.93167
2.96205
2.90445
2.90445
3.1757
3.1757
3.1757
3.00271
3.00271
3.01701
3.01701
3.01701
3.01701
3.01701
3.03863
3.0905
3.13395
3.13395
2.97589
2.97589
2.97589
2.97589
2.97589
3.12271
2.87623
2.87623
2.41001
2.41001
3.10585
3.00009
3.01031
2.93608
2.93608
3.05395
3.04313
3.04313
3.04313
3.04313
3.04313
3.04313
2.90036
2.76144
2.79189
2.79189
2.79189
2.73694
3.01954
3.1308
3.1308
3.05812
3.05812
3.02343
2.77914
3.06188
3.27027
3.27027
3.077
3.077
3.31237
3.31237
3.31237
3.31237
3.31237
3.31237
3.31237
3.31237
3.31237
3.17302
3.17302
3.21857
3.21857
3.26941
3.22414
3.22414
3.22414
3.15115
3.15115
3.01972
2.92073
3.10321
2.69513
2.69513
3.02983
2.50646
2.50646
2.79216
2.79216
2.79216
2.79216
2.52692
2.28696
2.41375
2.41375
2.41375
2.61817
2.99228
3.12041
3.12041
3.04706
3.04706
3.15661
3.15661
3.16743
2.85581
2.85581
2.85581
2.66343
2.89744
3.09289
3.09289
3.16565
3.21581
3.21581
3.26811
3.26811
3.26811
3.26811
3.26811
3.26811
3.26811
3.1567
3.1567
3.1126
3.1126
2.45842
2.33853
2.93872
2.79642
2.79642
3.11478
3.11478
3.11478
2.98929
2.62088
2.51911
2.68667
2.66645
2.66645
3.10431
3.10431
3.10431
3.10431
3.08237
3.08237
3.08237
3.08237
3.08237
3.03938
2.94292
3.17234
3.19284
3.19284
3.2241
3.0403
3.09383
3.09383
3.09383
2.99873
2.991
2.97624
2.60671
2.60671
2.46031
2.46031
2.85578
2.9974
2.868
2.92032
2.92032
2.8048
2.8048
3.04294
2.69128
2.69128
2.78026
2.78026
2.79966
2.73993
2.97988
2.97988
3.26449
3.25753
3.25753
3.05533
3.05769
3.05769
3.05769
3.05769
3.05769
2.46441
2.46441
2.99361
2.99361
2.99361
2.90363
2.90363
2.71284
2.86528
3.11043
3.10897
3.07965
3.07965
3.07965
3.07965
3.07965
3.07965
3.05502
2.61692
2.61692
2.86751
2.86751
3.17097
3.23819
3.23819
3.1991
3.1991
2.98341
2.98341
2.97938
2.97938
2.8811
2.8811
2.75281
2.75281
3.23077
3.23077
3.23077
3.23077
3.23077
3.23077
3.23077
3.23077
2.98947
2.98947
3.02593
3.05932
3.05932
3.05932
3.05932
2.50044
2.55771
2.55771
2.55067
2.89309
2.89309
2.89309
2.92762
2.92762
2.96751
3.09001
3.09001
3.09001
2.8533
2.38136
2.60404
2.76651
2.63495
2.96945
2.96945
2.96945
3.14108
3.14108
2.77988
2.70727
2.92248
2.92248
2.92248
3.00842
3.06824
3.06824
3.06824
3.06824
2.88677
2.88677
2.83983
2.80276
2.91396
2.91396
2.85615
2.85615
2.85615
2.86217
2.96942
2.86503
2.98594
3.02753
3.02753
3.02753
3.02753
3.02753
3.02753
3.02753
3.0864
3.0864
2.91646
2.91646
2.97131
3.02519
2.90657
2.99451
2.99451
2.99451
2.99451
2.93291
2.93291
2.93291
2.78429
2.78429
3.20325
3.20325
3.20325
3.29169
3.29169
3.29169
3.29169
3.29169
3.23066
3.23066
3.23066
3.23066
3.23066
3.23066
3.3131
3.31383
3.31383
3.31383
3.24895
3.24895
3.24895
3.24895
3.24895
3.24895
3.24895
2.92719
2.92719
2.92719
2.92719
2.92719
2.64869
2.76943
2.76037
2.88224
2.9045
2.79085
2.79085
2.78542
2.78542
2.95243
3.20467
3.20467
3.12741
3.12741
3.14258
3.14258
3.18225
3.06112
3.06112
3.06112
3.06112
3.06112
3.08828
3.08828
3.08828
3.20183
3.20183
3.20183
3.20183
3.20183
3.20183
3.20183
3.20183
2.99615
3.01592
2.70682
2.70682
3.16224
3.16224
3.20713
3.20713
3.20713
3.20713
3.18042
3.18042
3.18042
3.18042
3.18042
3.19638
3.19638
3.19638
2.97368
2.93994
3.20282
3.20282
3.20282
3.20282
3.20282
3.20282
3.10818
3.10703
3.08131
3.1661
3.1661
3.1661
3.1661
3.1661
3.16089
3.16089
3.16089
3.16089
3.3148
3.08012
3.08012
3.08012
3.08012
3.08012
2.77318
2.80314
2.80314
2.80314
2.85909
2.8787
2.59296
2.76391
3.25895
3.25895
3.21381
3.21381
2.85503
2.69707
2.9877
2.9877
3.01805
3.01805
3.1142
2.78624
2.68081
2.68081
2.68081
3.03316
3.10884
2.84596
2.77346
2.8855
2.8855
2.80412
2.80412
2.86808
2.86808
2.86808
2.79847
2.8908
2.90179
2.9491
3.08848
3.18637
3.18637
3.18637
3.18637
3.07061
2.85764
2.99648
2.92958
2.81502
3.11445
3.11445
3.11445
3.11445
3.08971
3.24236
3.24236
3.24236
3.24236
2.8043
2.8043
2.6166
2.50723
2.57907
2.57907
2.92451
3.04994
2.97363
2.92719
2.83853
2.83853
3.09348
3.09348
3.05468
2.81503
2.81016
2.81016
2.90832
2.90832
2.90832
2.90832
2.90832
2.94629
2.9647
2.61967
2.43054
2.43054
2.43054
2.9409
2.9409
2.96571
3.07042
3.07042
3.07042
3.00612
3.00612
3.00612
2.53579
2.53579
3.0408
3.0408
2.83973
2.8998
3.03595
3.03595
3.20548
3.21725
3.21725
3.06779
2.98491
3.18576
3.21811
3.21811
3.21811
3.19285
3.23836
3.23836
3.23836
3.13366
3.13366
3.13366
3.13366
3.12145
2.96547
3.03807
2.94435
2.94435
3.00354
2.64426
2.75579
3.21955
3.21955
3.12813
3.12813
3.13708
3.13708
3.13907
3.11654
3.04048
3.03264
3.03264
3.03264
3.03264
3.03264
3.03264
3.07096
3.15774
3.19165
3.19765
3.19765
3.26758
3.26758
3.29013
3.12927
3.12927
3.12927
3.12927
3.12927
3.12927
3.11788
3.11788
3.11788
3.07657
3.07657
3.07657
3.1271
2.85613
2.91341
2.87648
2.87648
2.87648
2.7691
2.7691
2.7691
2.79564
2.44954
2.77198
3.00898
2.79852
2.684
2.70541
3.00707
3.07216
2.95201
2.70224
2.80003
2.42943
2.47166
2.4158
2.4158
2.14847
2.14847
2.71949
2.83351
3.18639
3.18639
3.18639
2.97511
2.85144
2.85144
2.85144
2.75519
2.9363
2.83613
2.83613
3.17094
3.17094
3.17094
3.15241
3.15241
3.15241
3.16461
3.16461
3.16461
3.07095
3.11874
3.15393
3.08004
3.08004
3.05333
3.05333
3.05333
3.16475
2.6346
2.6346
2.81629
2.51992
2.51992
2.81981
2.65443
2.65443
2.8581
2.8581
2.8581
2.8581
3.27593
3.27593
3.2551
3.2551
3.2551
3.2551
3.2551
3.2551
3.2551
3.2551
3.2551
3.26306
3.12984
2.83834
2.83834
2.79957
2.94396
2.94396
2.75327
3.03605
3.14315
3.14315
3.12153
3.18757
3.18757
3.18757
3.18757
3.16802
3.15558
3.15558
2.9264
2.86675
2.64889
2.63813
2.81197
2.81197
2.81197
2.81197
2.9951
2.87727
2.87727
2.90347
2.93849
2.42263
2.42263
2.75502
2.83114
2.81775
2.85238
2.98591
3.07924
3.13988
2.6387
2.81522
2.72425
2.72425
2.80007
2.80007
3.17867
3.17867
3.22306
2.73318
2.73318
2.51299
2.51299
3.24239
3.24239
3.23655
3.14413
3.14413
3.14413
3.12837
3.12837
3.12837
3.12837
3.12837
2.98316
2.98316
3.31371
3.29549
3.29549
3.28533
3.28533
3.28533
3.28533
3.22874
3.22874
3.22874
3.22874
3.22874
3.0461
3.0461
3.0461
2.81222
2.97878
2.97878
2.95736
3.28857
3.28857
3.2023
3.2023
3.2023
3.2023
3.2023
3.19035
3.19035
3.11072
3.11072
3.07758
2.96588
2.96588
2.95643
2.96809
2.96809
2.96809
3.00398
3.00398
3.00398
2.97568
3.04647
3.04647
2.77621
2.67778
2.65448
2.66293
2.79204
2.79204
2.98467
2.98467
2.96863
3.04214
2.97732
2.97732
2.97353
2.97353
2.97353
2.97353
3.10111
3.2303
3.2303
3.2617
3.2617
3.18998
3.17976
3.17976
3.17976
3.14055
3.14055
3.14055
3.09045
3.09045
3.03547
3.03547
3.03547
3.00653
3.00653
2.78143
2.02968
2.18387
2.71365
2.84929
3.07384
3.07384
3.07384
3.07384
3.07384
3.07384
3.07384
3.07384
3.07384
3.07384
3.07384
3.03652
3.07174
3.07174
2.58934
2.58934
3.04556
3.15297
3.15297
3.15297
3.28468
3.20859
3.20859
3.20859
2.97828
2.76284
2.76284
3.07587
3.22545
3.16785
3.16785
2.98614
2.98614
3.21659
3.21659
3.21659
3.21659
3.21659
2.99515
2.99515
3.29058
3.29058
3.29058
3.29058
3.29058
3.29058
3.29058
3.29058
3.29058
3.29058
3.1928
3.1928
3.1928
3.16916
3.23839
3.23839
3.23839
3.23839
2.96889
2.96889
2.96889
2.70412
2.70412
2.75546
2.89697
3.14063
3.19032
3.19032
3.19032
3.19032
2.98611
2.98611
2.50473
2.50473
2.84057
2.84057
3.12314
3.12241
2.79081
2.79081
2.92048
2.92048
3.18763
3.16339
3.23507
3.23507
3.23507
3.25436
3.25436
3.2785
3.2785
3.2785
3.27074
3.27074
3.27074
3.08001
3.0131
3.11752
3.16618
3.16618
3.16618
3.16618
3.17705
3.11167
3.11167
3.11167
3.11167
3.01311
3.01311
3.01311
2.99983
2.99983
2.99983
2.99983
2.99983
2.99983
2.93078
2.93078
2.93078
2.75866
2.64294
2.56956
2.68436
3.04971
3.04971
3.04971
3.13964
3.13964
3.13964
3.13964
3.13964
3.13964
3.17506
3.17506
3.17506
3.1238
3.1238
3.28258
3.28258
3.28258
3.28258
3.28258
3.28258
3.28258
3.28258
3.0116
3.0116
3.13875
3.00925
2.94703
2.83297
2.77998
3.02112
3.13388
3.13388
3.29214
3.33571
3.33571
3.12706
3.12706
3.1697
3.1697
3.08322
3.08322
3.28122
3.23889
3.23889
3.23889
3.23889
3.04281
3.04281
3.04281
3.04281
3.04281
3.04281
3.04281
3.04281
3.04281
3.04281
3.04281
2.81401
2.94735
2.94735
2.94735
3.12315
3.02103
3.02103
2.83069
2.83069
2.99282
2.67649
2.74161
2.97714
3.10011
3.12329
3.12329
3.12329
3.12329
3.0704
3.0704
3.0704
2.97079
3.00408
3.02583
2.8536
2.97223
3.25667
3.25667
3.25667
3.25667
3.25667
3.25667
3.25667
3.25667
3.25667
3.18565
3.18565
3.18565
3.17636
3.17636
3.17636
3.17322
3.17322
3.17322
3.18348
3.19329
3.01708
3.01708
3.01708
3.01708
3.24906
3.24906
3.21089
3.21089
3.21089
3.21089
3.21089
3.12025
3.12025
3.12025
2.94246
2.98631
3.02624
3.02624
3.02624
3.02624
3.02624
2.94881
2.94881
3.12641
3.17432
3.17432
3.17573
3.17573
3.17573
2.75642
2.57948
2.69434
2.6354
2.85391
2.85391
2.9604
2.99863
2.99863
3.16945
3.16945
3.29819
3.19269
3.19269
3.19269
3.19269
3.19269
3.19269
3.12136
2.80051
2.80051
2.80051
2.72112
2.84302
3.00023
3.00023
2.99017
3.00868
3.00868
2.9954
2.79877
2.61793
2.83532
3.08568
3.00613
3.00613
3.00613
3.00613
3.00613
3.00613
3.00613
3.05886
3.05886
3.14507
3.22393
3.22393
3.22393
3.22393
3.18257
3.18257
2.98509
2.98509
3.25856
3.25856
3.25856
3.25856
3.2296
3.2296
3.27829
3.27159
3.27159
3.20462
3.20462
3.16331
3.14339
3.24956
3.24956
3.24956
3.13644
2.86321
2.92912
3.0126
3.0126
3.0126
3.0126
3.0126
2.90698
2.90698
2.92442
2.92442
2.92442
2.87095
2.87095
2.87502
2.87502
2.58786
2.50087
2.58911
2.58911
2.59876
2.78724
2.71826
2.71826
3.04568
3.0455
3.0455
3.05411
3.08528
2.92543
2.96411
3.00534
3.00534
3.12794
3.12794
3.12794
3.12794
3.12794
2.92205
2.9642
2.99896
2.99896
3.08642
3.08642
3.23196
3.23196
3.15818
3.15818
3.15818
3.15818
3.29075
3.29075
3.29075
3.28689
3.28689
3.24902
3.08552
3.0343
3.07689
3.13425
2.98658
3.01509
3.01509
3.01509
2.9963
2.9963
3.06312
3.06312
3.22588
3.22588
3.22588
3.22588
3.22588
3.22588
3.26725
3.02657
2.88492
2.88492
3.0232
2.98769
2.98769
3.19033
3.10042
2.9371
2.9371
3.21716
3.1131
3.1131
3.01658
3.01658
2.82384
2.82384
3.26372
3.15497
3.20856
3.20856
3.20856
3.20856
3.21983
3.21983
3.21983
3.20409
2.87578
2.87578
2.83165
2.83165
3.02847
3.10706
3.12796
2.73879
2.63306
2.6201
2.6201
2.6201
2.63087
2.90243
3.06815
2.97102
2.97102
3.07887
3.04293
3.02889
3.02308
3.02308
3.06542
3.06542
3.06542
2.99873
2.962
2.82552
2.82552
3.18471
3.21871
3.21871
3.00104
3.00104
3.00104
2.97288
3.21736
3.21736
3.11005
3.11005
3.17183
2.85547
2.85547
2.85547
2.85547
2.83111
2.83111
2.90718
2.99899
3.12371
3.12371
2.96704
2.96704
2.70938
2.5026
2.64291
2.64291
2.78554
2.78554
2.76594
2.56537
2.66486
2.69027
2.68327
2.68327
2.68327
2.65461
2.65461
2.65461
2.65461
2.72413
2.69933
3.05923
3.05923
2.93633
3.09367
2.84545
2.95316
3.20245
3.19746
3.19746
2.8265
2.77433
2.91082
2.91082
3.01296
3.01296
3.01296
3.01296
2.81707
2.81707
2.89732
2.89732
2.97493
2.97493
2.91653
2.92348
2.97239
2.95664
2.95664
2.90002
3.09108
3.1184
3.1184
3.09096
3.09096
2.9503
2.9503
2.9503
2.9503
3.11936
3.00567
3.09545
2.93097
3.02937
3.18881
3.18881
3.30971
3.30971
3.30971
3.30971
3.31123
3.31123
3.31123
2.7134
2.7134
3.21237
3.21237
3.21237
3.21237
3.08261
3.0314
3.03899
3.03899
3.16625
3.16625
3.09321
3.0191
3.15545
3.12401
3.12401
3.12401
3.1049
3.2251
3.2251
3.2251
2.99467
2.93251
2.96261
2.8991
2.46523
2.46523
2.46523
2.03575
2.64116
2.77241
2.77241
2.77241
2.77241
3.19504
3.19504
3.19504
3.19504
3.23106
3.23106
3.19021
3.19021
2.8956
2.8956
3.12229
3.12229
2.63937
2.37591
2.87532
2.73297
2.73297
3.01099
2.87087
2.99787
2.72424
2.73869
3.04524
2.95122
2.95122
2.57301
2.50319
3.05248
3.05248
3.05248
3.17507
3.17507
3.17507
3.17507
3.17507
3.17507
3.17507
3.17507
3.17507
3.17507
2.802
2.802
2.93269
2.7864
2.79134
2.79134
2.79134
2.60599
2.88665
2.86489
2.86489
2.88055
2.69388
2.9267
3.11559
3.11559
3.21454
3.02404
3.02404
2.93114
2.77943
2.8038
2.8038
2.81867
2.7541
2.7541
2.7541
2.69634
2.78681
2.86077
2.86077
3.15661
3.15661
3.15661
3.08525
3.08525
2.9094
2.9094
2.9465
2.9465
3.14407
3.14407
3.14407
3.14407
3.21355
3.18758
3.18758
3.18758
3.0919
2.93165
2.93165
3.01603
3.01011
3.08337
3.16386
3.17049
3.17049
3.11203
3.11203
3.11203
3.06942
3.13009
3.13009
3.05659
3.05659
3.05659
2.99031
2.99031
2.99031
2.99031
2.99031
2.99031
2.93902
3.08469
2.86741
2.8121
2.90733
2.90733
2.78585
2.78585
3.02015
3.03841
2.97947
2.90104
2.90104
2.90104
2.90104
2.78904
2.88525
2.88525
2.88525
3.10355
2.81209
2.81209
3.15283
3.15283
3.33018
3.33018
3.33018
3.24311
3.20232
3.20232
3.18875
3.09938
3.09938
3.25506
3.25506
3.25506
3.22888
3.02598
3.02598
3.02598
3.02598
3.02598
3.02598
3.1011
3.1011
3.1011
3.14377
3.15234
3.08503
3.07318
3.1825
3.1503
2.80335
2.72296
3.07653
3.09689
3.09689
3.14173
3.14173
3.23883
2.82081
2.82081
2.86999
2.86999
2.86999
2.94497
2.98391
2.86478
3.11035
3.11035
3.11035
3.14651
2.56074
2.41652
2.63624
2.63624
2.89994
2.89994
2.89994
2.69614
2.69614
2.7867
2.94658
2.94658
2.86966
3.07861
3.00872
3.00872
3.00872
2.96562
2.62647
2.66584
2.66584
2.66584
2.57473
2.57473
2.82936
2.82936
2.42727
2.55043
2.55043
2.55043
2.46227
2.42132
2.96727
2.84906
2.84906
2.84361
2.62275
2.62275
2.66368
2.43078
2.87172
2.96533
2.96533
3.24603
3.24603
3.24603
3.06504
3.03899
2.83759
2.83759
2.84252
2.84252
3.10407
3.10407
3.18988
3.18988
3.18988
2.86308
2.86308
3.22005
3.22005
3.22675
3.10211
2.99422
2.80132
2.79246
2.78606
2.42502
2.42502
2.42502
2.42502
2.75432
3.0746
3.0746
3.0746
3.12071
3.12071
3.2023
3.14654
3.14654
3.19957
3.14491
3.14491
3.14491
3.14491
3.25732
3.3066
3.14273
3.14273
3.33398
3.33398
3.33398
3.33308
3.26243
3.26243
3.21907
3.21907
3.21907
3.21907
3.25206
3.25206
3.25206
3.0812
3.0812
3.12765
3.12765
3.12765
3.10027
3.08759
3.08759
3.08759
3.08759
2.83583
2.76507
2.76507
2.86451
2.86451
2.86451
2.76917
2.76917
3.18477
3.19948
3.10641
3.10641
2.99493
2.99493
2.99336
2.99336
3.14399
2.82473
2.85356
2.85356
2.86455
3.15979
3.15979
3.15979
3.15979
3.15979
3.15979
3.10827
3.16653
3.16653
3.16653
3.17031
3.17031
3.17031
3.17031
3.1956
3.1956
3.1956
3.1956
3.02016
2.90087
2.90087
2.8111
2.8111
2.8111
2.73734
2.73734
2.54425
2.56702
2.62731
2.62731
3.09332
3.09332
3.09332
3.10707
3.1199
2.8687
2.8687
2.8687
2.8687
3.00955
3.00955
3.00773
3.00773
3.00773
3.00773
3.11643
3.06416
3.04028
3.04028
3.04325
3.06713
3.06713
3.06713
3.05797
2.98675
3.0156
3.0156
3.0156
3.03997
3.03997
2.84458
2.84458
3.00746
2.76758
2.76758
2.68511
2.71414
2.38036
2.35384
3.07483
2.98066
2.90494
2.90494
2.98258
3.08367
2.93278
2.93278
3.16674
3.16674
3.16674
2.83881
2.83881
2.74549
2.74549
2.74549
2.45958
2.45958
2.45958
2.99495
2.89641
2.89641
2.89641
2.89641
3.05361
3.05361
3.20154
3.20154
3.20154
3.20154
3.19137
3.19137
3.19137
3.19137
3.34805
3.34805
3.34805
3.34805
3.34805
3.34805
3.34805
3.34805
3.34805
3.34805
3.22058
3.22058
3.22058
3.22058
3.24001
3.24001
3.23218
3.23218
2.73327
2.71808
3.13408
3.13408
3.13408
3.13408
3.09458
3.03805
3.03805
3.03805
3.11235
2.85617
2.85617
2.85617
2.85617
3.1592
3.01391
2.89419
2.77159
2.77159
2.83629
2.83629
3.02903
2.90688
2.92742
2.92742
2.92742
3.02814
3.08536
3.08536
3.08536
3.06892
3.04481
3.04481
3.04481
3.04481
3.03352
3.05196
2.822
2.88688
2.99467
2.99735
3.02761
3.02761
3.22893
3.29898
3.24757
2.73989
2.54505
3.00743
3.24756
3.24756
3.00507
3.00507
3.14477
3.18931
3.21162
3.21162
3.21162
2.81709
2.83545
3.1516
3.1516
3.1516
3.1516
3.1516
2.84952
2.84952
3.19068
3.19068
3.19068
3.2897
3.2897
3.2897
3.06506
3.06506
3.06506
3.06506
3.20183
3.20183
3.20183
3.20183
3.20183
3.20183
3.20183
3.20183
3.20183
3.14154
3.14154
3.14154
3.14154
3.14154
3.14154
3.10601
3.10601
3.20465
3.20465
3.20465
2.75704
2.75704
3.26025
3.26025
3.26025
3.02467
2.61295
2.4763
2.11746
2.37358
3.0547
3.02069
2.80082
2.80082
2.98494
2.98494
2.98494
2.98494
2.98494
3.09041
3.26104
3.26104
3.26104
3.26104
3.26104
3.21674
3.21674
2.83406
2.83406
2.83406
2.83406
2.72772
2.72772
2.90142
2.90142
2.90142
2.90142
2.90142
2.90142
3.19991
3.19991
3.19991
3.19991
3.19991
3.19991
3.19991
3.19991
3.19991
3.19991
3.19991
3.19991
3.17205
3.09249
2.96098
2.80881
2.80881
2.80881
2.80881
3.07178
3.02323
3.02323
3.02323
3.02323
3.26142
3.26142
3.19876
3.19876
3.19876
3.19876
3.19876
3.12941
3.20773
3.20773
3.00357
3.00357
3.00357
3.04291
2.83302
2.77399
2.70723
2.75287
2.70822
2.4699
2.68337
2.59853
2.78563
2.96686
2.82876
2.61695
2.31868
2.49137
3.03022
3.03022
2.91243
2.91243
2.9422
3.05644
3.05644
3.05644
3.05644
2.91087
2.91087
3.09142
3.09142
2.98207
2.98207
2.98207
2.90186
2.90186
2.90186
3.04205
3.22143
3.16026
3.05125
2.75938
2.68474
2.74518
2.74518
3.01335
2.68781
2.68781
3.19729
2.97737
2.97737
2.90851
2.90851
3.0149
3.0149
3.0149
2.93185
2.90979
3.01464
3.01464
3.01464
3.10762
3.10762
3.10762
3.10762
3.10762
2.89573
3.0346
3.27075
3.23364
3.23364
3.23364
3.23364
3.23364
3.18972
3.18972
3.18972
3.18972
3.18454
3.1245
3.1245
2.98835
2.98835
3.18447
3.18447
2.63832
2.63832
2.63832
2.63832
2.5268
2.5268
2.79242
2.79242
2.79242
2.41423
2.75335
2.94542
2.94786
2.94786
2.94786
3.035
3.07957
3.07957
3.07957
3.12655
3.12655
3.13066
3.13066
3.22816
3.22816
3.00893
2.9074
2.92188
2.84256
2.84256
3.06497
3.06497
3.06497
3.18459
3.18459
3.15317
3.15317
3.21636
3.21636
3.25457
3.25457
3.21937
3.21937
3.2125
3.00282
2.98057
3.14461
3.14461
2.81892
2.81892
3.05468
2.99373
2.94513
2.96582
2.96582
2.97268
3.16792
3.16792
3.16792
3.12521
3.12521
3.11681
2.94062
2.94062
3.1172
3.1172
3.0244
2.94229
2.92086
2.92086
2.98917
3.08412
3.08412
3.08412
2.98289
2.96483
3.09294
3.09294
2.88088
2.76971
3.00539
2.8059
2.8059
2.96736
2.82426
2.82845
2.04814
2.04814
2.76981
3.09693
3.04426
3.02867
3.02578
2.90802
2.798
2.74548
2.50413
2.50413
2.76772
2.76772
2.76772
2.76772
2.84381
2.84381
2.98155
2.98155
3.10256
3.13889
3.12559
3.00968
3.00968
3.13573
3.13573
3.23764
3.23764
3.23764
3.23764
2.8482
2.84089
2.84089
2.55539
2.95687
3.11678
3.11678
3.09115
3.09115
3.15989
3.15989
3.15989
3.15989
3.15783
3.15783
3.15783
3.14409
3.14409
3.14409
3.27358
3.27358
3.07907
2.91907
2.96497
3.01246
3.01246
3.01404
3.15931
3.15931
3.15931
3.15931
3.15931
2.7893
2.78516
2.93044
2.93044
2.93044
2.93044
2.93044
2.93044
2.93044
2.93044
3.12828
3.12828
3.27407
3.27407
3.27407
3.28911
3.28911
3.28911
3.2879
3.27325
3.24177
2.74789
2.74789
2.74789
2.74789
2.87906
2.87906
2.8274
2.8274
3.13964
3.14852
3.14852
3.14852
3.26174
3.26174
3.26174
3.26174
3.26174
3.26174
3.26174
3.21644
3.18026
3.13968
3.11478
2.82403
2.82403
2.82403
2.83381
3.15499
3.08373
3.08373
3.08373
3.00579
2.92704
2.92704
3.09596
3.11067
3.11067
3.0124
3.0124
3.0124
2.95251
2.97468
2.98116
2.98116
2.92488
2.94952
2.97633
2.97633
2.71008
2.71008
3.06356
3.06356
3.06356
3.06356
3.06356
3.24851
3.24851
3.24851
3.24851
3.24851
3.17875
3.17875
3.17875
2.9068
2.9068
2.9068
2.9068
3.19794
3.19794
3.19794
3.04413
3.019
3.15788
3.15788
3.16334
3.16334
3.16334
3.16334
3.16334
3.18707
3.18707
3.18707
3.18707
3.18707
3.18707
3.18707
2.69254
2.69254
3.05509
3.05509
3.29724
3.29724
3.29724
3.29724
3.29724
3.29724
3.29724
3.28332
3.28332
3.23165
3.23165
2.70863
2.70863
3.08011
3.08011
3.08011
3.08011
3.09862
3.09862
3.23301
3.14632
3.14632
3.14632
3.21563
3.16868
3.16868
2.98851
2.85727
2.85727
2.89083
2.89083
2.89083
2.77542
2.80956
3.13049
3.14847
3.14452
2.92788
2.92788
2.92788
2.92788
2.92788
2.92788
2.90333
2.90333
2.90333
2.38085
2.38085
3.01147
3.01147
2.89762
2.89762
2.89762
2.93941
2.93941
2.93941
2.97873
3.06996
3.15014
2.95044
2.93322
2.93322
2.93322
2.93322
2.93322
3.17207
3.17207
3.17207
3.09355
3.09355
3.07144
3.07144
3.18553
3.31955
3.29867
3.29867
3.1296
3.1296
3.1296
2.92615
2.90507
2.90507
2.90507
3.00358
3.00358
3.00358
2.86059
2.86059
2.66151
2.19951
2.35525
2.38391
2.63854
2.63854
2.63854
2.63763
2.63763
3.00958
3.08652
3.03194
3.06831
3.06831
2.87638
2.87638
2.87638
3.04727
3.04727
2.96906
3.1774
3.26779
3.26779
3.29637
3.29637
3.29637
3.24453
3.24453
3.24453
3.24453
3.24453
3.24453
3.24453
3.13172
3.13172
3.13172
3.06448
3.16823
3.16823
3.16823
3.16823
3.16823
3.16823
3.16823
3.16823
3.16823
3.16823
3.08534
3.19093
3.19093
3.19093
3.19093
3.1622
3.23884
3.23884
3.23884
3.23884
3.23884
3.23884
3.23884
3.27235
3.23019
3.20195
3.20195
2.98058
2.98058
3.1818
3.1818
3.25919
3.25919
3.25919
3.25919
3.25919
3.18692
3.18692
3.18692
3.18692
3.18692
2.98853
2.92455
2.92455
2.92455
2.92455
3.04137
3.04137
3.10082
3.10082
2.63708
2.28838
2.44786
2.32989
2.37762
2.40206
2.40206
2.89844
2.89844
2.89844
2.97623
2.91106
2.8448
2.80979
3.07095
3.07095
2.53885
2.53885
3.07177
3.05973
3.05973
3.1421
3.1421
3.1421
3.11321
3.11321
3.11321
2.82152
2.78609
2.825
2.825
3.0638
3.10478
3.10478
2.91159
2.92571
2.44545
2.61741
3.20816
3.1173
3.1173
3.1173
3.17534
3.17534
2.85156
2.85156
3.19137
3.19137
2.97764
2.87364
2.87364
2.91952
2.96498
2.96498
3.02862
3.02379
3.02379
2.96908
2.93169
2.93224
3.10138
3.10138
3.10138
3.10138
3.10138
3.04223
3.04223
3.04223
2.94467
2.9177
3.00575
2.9921
2.98442
2.98442
2.76864
3.05897
2.97862
2.75049
3.04748
3.04748
3.06445
3.14402
3.14402
3.21729
3.21729
3.21729
2.60457
2.6104
2.6104
2.58033
2.82286
2.82286
2.82286
2.82286
3.03608
3.03608
3.20426
3.20426
3.14043
3.14043
3.1915
3.28733
3.28733
3.28733
3.28733
3.28733
3.28733
2.99205
2.84911
2.77972
2.74337
2.74337
2.80623
2.80623
2.80623
2.9967
2.63751
2.63751
2.63751
2.61883
2.61883
2.64124
2.75132
2.75132
2.75132
2.73095
3.0537
3.0537
3.0537
3.0537
3.0537
3.08313
3.08313
2.85671
2.85671
2.84129
2.84129
3.04756
2.37245
2.37508
2.45616
2.28702
2.67699
2.67699
2.59169
2.55439
2.55439
2.55439
2.53064
2.68921
2.68921
2.68921
2.68921
2.56259
2.70085
2.70085
2.75188
2.89706
2.89706
2.89706
2.94011
2.90262
2.89059
3.07484
3.0264
2.95934
2.78745
2.78745
2.78436
2.72817
2.58948
2.58948
2.63722
2.63722
2.63722
2.63722
3.03878
2.78573
2.75447
2.87877
2.87877
2.90209
2.87346
2.96876
2.96876
3.06784
3.06784
3.1103
3.19712
3.19232
2.7271
2.69301
2.98402
3.02215
3.22276
3.25963
3.25963
3.06449
3.08473
3.08473
2.96591
3.12013
3.12013
3.12013
3.15385
3.15385
3.15385
3.19319
3.16619
2.97024
2.97024
2.96629
2.96629
2.96629
2.89982
3.03752
3.03752
3.11869
2.99018
2.99018
3.0573
3.0573
3.0573
2.84777
2.84777
2.84777
2.66505
2.56234
2.77957
2.85193
2.96452
2.88375
2.88375
3.07058
3.07058
2.90325
2.90325
2.9532
2.66778
2.89611
3.18438
3.18438
3.18438
2.51832
2.48784
3.15414
3.2036
3.2036
3.12612
3.00534
2.92291
3.05508
3.05508
3.09639
2.99307
2.92806
2.92806
2.95829
2.96539
2.96539
2.96539
2.96539
2.96539
2.96539
2.51133
1.79076
2.10006
2.57676
2.83076
2.43975
2.43975
2.87391
2.87391
2.7242
2.65761
2.86478
2.8195
2.59181
2.87154
3.05207
3.05207
3.09269
3.06811
3.06811
2.70237
2.70237
2.70237
2.70237
3.08786
3.25316
3.2426
3.18601
3.20052
3.20052
2.80967
2.80967
2.8847
2.79402
3.042
2.94955
2.94955
3.08316
3.00711
2.82096
2.82096
3.08896
3.22746
3.22746
3.22746
3.27618
3.27618
3.27618
3.27618
3.29732
3.21944
3.21944
2.93526
2.93526
2.93526
2.93526
3.29777
2.78562
2.48879
2.7044
2.7044
2.7044
2.77142
2.6949
2.6949
2.6949
2.6949
2.6949
2.82842
2.74632
2.83513
2.94622
2.94622
3.07454
3.07454
3.21037
3.22913
3.22913
3.0412
3.0412
3.06945
2.88499
3.00555
2.88393
2.88393
2.97827
3.01919
3.00543
3.00543
3.00543
2.97569
2.97569
2.97569
3.05753
3.05753
3.05753
3.05753
3.01224
3.01224
3.01224
3.01224
3.10235
3.10235
3.13234
3.12388
3.21883
3.21883
3.21883
3.21883
3.17734
3.15176
2.8577
2.8577
3.05787
3.05787
3.17608
3.16383
2.99369
2.99369
3.00463
2.67736
2.67736
2.96423
3.13211
3.1354
3.1354
3.1354
3.1354
3.1354
3.1354
3.1354
3.1354
3.28836
3.32279
3.32279
3.32279
3.32279
3.17006
3.17006
3.17168
3.17168
3.19786
3.06898
3.06898
3.18676
3.18676
3.18119
3.1123
3.1123
3.19604
3.00741
3.10376
2.99449
2.99449
3.22006
2.46059
2.46059
2.9818
2.9818
3.02184
2.84481
2.67854
2.67854
2.67854
2.76146
2.74242
2.74242
2.76593
2.76593
3.13788
3.13788
3.09886
3.09886
3.09886
3.06415
3.06415
3.15238
3.15238
3.15238
3.17289
3.27261
3.27261
3.27261
3.19797
3.19797
3.19797
3.10442
2.85162
2.88323
2.88323
2.65709
2.65709
2.65709
2.82417
2.97053
3.14322
3.26533
3.26533
3.26533
3.25591
3.26077
2.90366
2.90366
3.04083
3.04083
3.19246
2.85585
2.85585
2.89921
2.94733
2.88379
2.88379
3.18991
3.00592
3.00592
2.91794
2.91794
2.86122
2.70478
3.0013
3.11889
3.15361
3.00637
2.61661
2.61661
2.60023
2.60023
2.55812
2.55812
2.96564
3.21642
3.23138
3.23138
3.07351
3.07351
3.05829
3.05829
3.31598
3.31598
3.31598
3.31598
3.31598
3.31598
3.31598
3.31598
3.31598
3.10647
3.03082
3.03082
3.04473
3.04473
2.7898
2.74303
2.89893
3.06984
3.06984
2.77304
2.81221
2.81221
2.61181
2.81189
2.88009
2.88009
2.82761
2.82761
2.90893
2.90893
2.93629
2.66531
2.81989
3.20494
3.20494
3.24359
3.24359
3.24359
3.24359
3.24359
3.24359
3.24359
3.24359
3.24359
3.24359
3.24359
3.24359
3.24359
3.2829
3.26573
3.26573
3.26573
3.26573
3.26573
3.26573
3.26573
3.26573
3.26573
3.26573
3.15819
3.15819
3.15819
3.02828
3.02828
3.02828
3.05007
3.05007
3.06595
3.0858
3.0858
3.0858
3.0979
3.05539
2.77549
2.84555
2.83983
2.83983
2.87135
2.8516
2.9174
2.88646
2.87958
2.87958
3.14104
3.14104
3.12582
3.14828
3.14828
3.15971
3.15971
3.15971
3.01412
3.05814
2.97484
2.97484
3.19051
3.01806
3.01806
3.01806
3.01806
3.02195
3.02195
3.02195
2.95078
2.93386
2.73061
2.76088
2.76088
2.89331
3.16907
3.0594
3.00852
3.00852
2.8715
2.8715
2.8715
2.85933
2.78471
2.99194
3.07746
3.07746
3.00872
3.00872
3.18235
3.18235
3.18235
3.18235
3.2267
3.01772
3.07267
3.26313
3.26313
2.77133
2.77133
2.92081
2.92081
2.97296
2.97296
2.95348
2.83464
2.83464
2.83464
2.65194
2.65194
2.96201
2.96201
2.78041
2.94205
3.16202
3.16202
3.00801
3.00801
3.23928
3.16929
3.07047
2.99359
2.99359
2.99359
3.07234
3.08529
2.69959
2.69959
2.86839
2.86839
3.1244
3.1244
3.1244
3.1244
3.09547
2.83869
2.85745
2.84817
2.84817
3.25858
3.22867
3.22867
3.23466
3.23466
3.05943
3.05943
3.19293
3.19293
3.01376
3.01376
2.92026
2.92026
2.50902
2.50902
2.50902
2.49615
2.8556
2.8556
2.8556
2.8556
2.8556
2.8556
3.16051
3.16051
3.16051
3.1099
3.21336
3.21336
3.21336
3.21336
3.21336
3.21336
2.89838
2.84169
3.07223
3.07223
2.88749
3.00698
2.96359
2.96359
3.14191
3.14191
3.14191
2.71201
2.71201
2.98727
2.08825
2.08825
3.10322
3.22541
3.22541
3.10661
3.10661
2.96471
2.96471
2.96471
2.35914
2.35914
2.42138
2.42138
2.42138
2.67711
2.75568
2.79013
2.79013
2.79013
3.08963
3.08963
3.27219
3.27219
3.11912
3.11912
3.11912
3.11912
2.92207
2.92207
3.03982
3.03982
2.95673
2.94744
2.84444
2.56309
2.75415
2.69476
2.86436
2.65837
2.65837
2.67391
2.67391
2.67391
2.71805
3.18645
3.18645
3.06592
2.87199
3.029
3.029
3.029
3.029
3.029
2.75678
2.64936
2.83391
2.83391
2.83391
2.89691
2.95299
2.95299
3.15401
3.15401
3.2117
3.15234
3.15234
3.22273
3.11859
3.10929
3.10929
3.07112
3.14552
3.14552
3.18495
3.24581
3.15928
3.15928
3.15928
3.15928
3.15637
3.05257
3.03147
3.03147
3.07325
3.07325
3.14892
3.14892
3.14892
3.14892
3.14892
3.18603
3.18603
3.18603
2.93005
2.9455
2.9455
2.9455
2.9455
2.96052
3.00286
3.00286
3.04057
3.07943
3.16786
3.02411
2.96026
3.06675
3.06675
3.06675
3.16898
3.27715
3.0003
3.0003
3.33536
3.33536
3.25097
3.21679
3.21679
3.21679
3.21679
3.16398
3.16398
3.16046
2.98485
2.98485
2.98485
3.01068
3.10477
3.10477
3.23415
3.21235
3.21235
3.21235
3.21235
3.21235
2.93354
2.93354
2.93354
2.93354
3.13311
3.13311
3.06006
3.06006
3.00721
3.00721
3.20886
3.20886
2.97044
2.92611
2.62783
2.62783
2.96486
3.02456
3.02456
3.02456
3.12473
3.12473
2.67449
2.67449
2.87046
2.91061
2.97171
2.97171
2.78084
2.78084
3.13646
2.99411
2.99411
2.99411
2.99411
2.99411
2.99411
2.99411
2.99411
2.99411
2.96128
3.08465
3.12823
3.12823
3.12823
3.12823
2.97014
2.86168
2.94073
2.94073
2.97122
3.09004
3.09094
3.09094
3.09094
3.09094
3.09094
3.09094
3.09094
3.0437
3.0437
3.0437
2.90869
2.90869
3.15823
3.15823
2.765
2.71242
3.04938
2.97978
2.66743
2.66743
2.66743
2.66743
2.79429
2.79429
2.79429
2.92302
3.11616
3.11616
3.01261
3.01261
2.90758
2.90758
2.90758
2.90758
2.90758
2.65126
2.65126
2.65126
2.71455
2.69388
2.68826
2.85736
2.85736
3.0057
3.0057
2.90121
2.90121
2.90121
2.90121
2.90121
2.85695
2.22019
2.04314
2.52762
2.9578
2.8885
2.8885
2.83567
2.83567
3.04192
3.04192
3.24662
3.24662
3.24662
3.24662
3.24662
3.03265
3.03265
3.17841
3.17949
3.30053
3.30053
3.30989
3.30989
3.30989
3.30989
3.30989
3.25262
3.25262
3.25262
3.25262
3.25262
3.25262
3.23006
3.23006
3.13641
3.08711
3.08711
3.15128
3.15128
3.15128
3.17201
3.17201
3.17201
3.17201
3.28019
3.28019
2.84597
2.80755
3.10048
2.57163
2.57163
2.57163
2.75056
3.14004
3.14004
3.14004
2.72908
2.72908
2.74799
2.65306
2.65306
2.75408
2.68967
2.59092
2.60152
2.57819
2.94178
2.94178
2.94178
2.94178
2.94178
2.94178
2.91517
2.91517
2.8879
2.83045
2.80202
2.59758
2.71776
3.1073
3.1073
3.00911
3.00911
3.00911
3.00911
3.08884
3.08884
2.98738
3.03673
3.26035
3.26035
3.26035
3.26035
3.26035
3.21522
3.21522
3.21522
3.1322
3.1322
3.03806
3.03806
3.03806
3.03806
3.03806
2.73462
2.77185
3.0252
3.0252
3.09319
3.09319
3.09319
3.09319
3.09294
2.65783
2.66459
3.16383
3.16383
3.25396
3.25396
3.25396
3.25396
3.079
3.079
3.05978
3.05978
2.98595
2.98595
3.0487
3.0487
3.0487
3.07667
3.07667
3.07667
3.11646
3.06768
2.93225
2.93225
2.93225
2.93225
3.29508
3.19334
3.19334
2.99441
2.99441
2.96752
2.49581
2.69416
2.69416
2.69416
2.44937
2.44937
2.7515
2.78686
2.92686
3.05965
2.94008
2.94008
3.04339
3.04423
2.92735
2.92735
3.13872
3.13872
3.13872
3.13872
3.13872
3.13872
3.02003
3.02003
3.11784
2.75332
2.8283
3.11452
3.05715
3.05715
3.05715
3.08967
3.08875
3.08875
3.08875
2.54136
2.54136
2.55614
2.55614
3.01066
3.01066
3.01066
3.1212
2.94055
2.84126
3.04713
3.04713
3.04713
3.04713
3.11961
3.11961
3.11961
3.12333
3.12333
3.19747
3.19747
2.95329
2.95329
2.95329
2.95329
3.21003
3.21003
3.21003
3.21003
3.1868
3.07352
3.07352
3.07352
3.07352
3.13258
3.15479
3.15479
3.24905
3.24905
3.24905
2.86649
2.86649
3.16047
3.16047
3.1207
3.1207
3.12289
3.12289
3.12289
3.12289
3.27751
3.27751
2.86279
2.86279
2.84308
2.80046
3.20295
3.20295
3.11376
3.12186
3.12186
3.12186
3.20099
3.20099
3.20099
3.03385
3.03385
3.21534
3.09547
3.09547
3.22075
3.22075
3.24915
3.24915
2.85789
2.85789
3.20325
3.20325
3.2432
3.2432
3.2432
3.2432
3.2432
2.85361
2.85361
3.08243
3.08243
3.01424
3.01424
3.22537
3.22537
3.22537
3.22537
3.22537
3.22537
3.27077
3.27077
3.27077
2.77834
2.77834
3.21101
3.07378
2.96377
2.96377
3.13337
3.13337
3.13337
3.13337
3.15339
3.15339
3.124
3.124
3.124
3.18186
3.26502
3.26502
3.26502
3.02406
3.02406
3.18602
3.18602
3.18602
3.08685
3.08685
3.08685
3.09072
3.09072
3.09072
3.07477
3.07477
3.07477
3.07477
3.07477
3.07477
3.07477
3.07477
3.07477
3.07477
3.07477
3.04214
3.04214
2.9465
2.9465
3.12623
3.12623
3.18486
3.18486
3.18486
3.04984
3.04984
2.96394
2.96394
2.96674
2.96674
3.1596
3.1596
3.25051
3.25051
3.04182
3.04182
3.04182
3.04182
3.04182
3.04182
3.04182
2.84759
2.82747
2.99983
3.28463
3.28463
3.28463
3.28463
3.28463
2.71096
2.68453
3.03123
3.03123
3.22296
3.22296
3.22296
3.10727
3.10727
2.85931
2.85931
2.99358
2.99358
2.92968
2.92968
2.92618
2.81552
2.48548
2.58565
3.22274
3.08658
2.9355
2.8323
2.87693
3.09437
3.09437
3.20957
3.31984
3.01666
3.01666
3.03961
3.03961
3.30009
3.30009
3.30009
3.27453
3.15832
3.12339
3.1151
3.1151
2.85989
2.85989
3.0431
3.0431
3.03151
3.03151
3.21197
3.17588
3.17588
3.19451
3.19451
3.19451
3.08441
3.06973
3.06973
2.65669
2.65669
2.65669
2.61672
3.02836
3.02836
3.02836
3.11876
2.99879
2.99879
3.07953
2.85335
2.7623
2.7623
2.35376
2.35376
2.99978
2.84771
2.78084
3.11295
3.11295
3.14292
3.14292
3.24772
3.24772
3.24772
3.24772
3.24772
3.15139
3.15139
2.46053
2.46053
2.59385
2.59385
3.01341
3.01341
2.95798
2.90524
2.90524
2.90524
3.23019
3.23019
3.23019
3.23019
3.23019
3.21743
3.21743
3.0025
3.0025
3.0025
3.0025
2.97945
2.96935
2.96935
2.70082
2.68503
2.68503
2.86667
2.96714
2.96714
3.08461
3.08461
2.87542
2.87542
3.02845
2.98772
2.98772
3.16235
3.16235
3.16235
3.16235
3.16235
3.16235
3.16235
3.16235
3.09341
3.00795
3.00795
3.04371
2.8726
2.92052
3.16082
3.16082
3.17103
3.17103
3.17103
3.17103
3.17103
3.17103
3.15415
3.18875
3.0801
3.0801
3.0801
3.0801
3.0801
3.0801
3.0801
3.0801
3.0586
3.0586
3.21196
3.28738
3.28738
2.81731
2.81731
2.97666
2.98823
3.13486
2.96656
2.96656
2.85673
2.85673
2.8187
2.56541
2.75075
2.87022
2.87022
3.07181
3.07181
3.12465
3.13348
3.13348
3.13348
3.13348
3.13348
3.13348
3.252
3.252
3.252
3.252
3.252
3.252
3.10246
2.72751
2.56211
2.85006
2.90895
2.78404
2.79551
2.76398
2.83768
2.95426
2.93004
2.93004
2.90977
2.90977
2.90977
3.03128
3.03128
3.03128
3.09136
3.11797
3.09899
3.09899
3.05814
3.09603
3.11368
3.11368
3.11368
3.11368
3.2902
3.2902
3.2902
3.2902
3.2902
3.2902
3.16007
3.16007
3.29356
3.29356
3.08113
2.87429
3.07637
3.11597
3.11597
3.05676
3.05676
3.07107
3.07107
2.90367
2.7954
3.0679
3.0679
3.0679
3.0679
3.0679
3.0679
2.99082
2.99082
2.99082
3.11994
3.07934
2.69668
2.81979
3.18827
3.18827
3.13817
3.13817
3.13817
3.13817
2.8124
2.81503
2.80512
2.80512
2.96309
3.03147
3.13252
3.13252
3.13252
3.13252
3.10341
2.97341
2.89012
2.89012
2.74925
2.74925
2.94789
2.94789
2.94789
2.97997
2.97997
2.72978
2.75643
3.09382
3.09382
3.08044
3.08044
2.70727
2.64914
2.9384
3.0339
3.0339
3.0339
3.00738
3.08401
3.2502
3.2502
3.2502
3.2502
3.2502
3.16148
3.16148
3.09854
3.09854
3.06694
3.06694
2.9245
2.91299
3.07417
3.07417
3.14934
3.14934
2.89575
2.66315
2.77971
2.77299
3.0496
3.0496
2.79967
2.75738
2.75738
3.06468
2.99732
2.99732
3.26614
3.26614
3.11145
3.11145
3.3251
3.3092
3.3092
3.3092
3.3092
3.3092
3.3092
3.23596
3.23596
3.11751
3.08884
3.02295
3.02295
2.83895
2.83895
2.84521
2.84521
2.84521
2.84521
3.18726
3.18726
3.19703
3.19703
3.19703
3.19703
3.19703
3.19703
3.19703
3.21596
3.10338
2.87976
3.0786
3.10293
3.07998
3.0528
3.03427
3.24496
3.24256
3.24256
3.24256
3.24256
3.24256
3.24256
3.24256
3.24256
3.08915
3.11328
3.08127
3.08127
3.08127
3.08127
2.8278
2.8278
3.06634
3.06634
3.18753
3.04448
2.95808
2.98438
3.12659
3.08625
3.08625
3.25189
3.13986
3.13986
3.26355
3.07586
2.90853
2.90853
2.52517
2.52517
2.82884
2.83126
2.96656
2.82975
2.82789
2.82789
2.82789
3.15571
3.09843
3.07242
3.23824
3.23824
3.23824
3.23824
2.77278
2.77278
3.16948
3.16948
3.16948
2.98773
2.99878
2.71945
2.71945
2.95613
2.95613
2.95059
2.80102
2.59883
2.59883
2.5664
2.48802
2.80851
2.77613
2.77613
2.72715
2.72715
2.73374
2.73374
2.9189
2.95174
3.16703
3.19623
3.08663
3.08663
3.06741
2.95004
2.9204
2.9204
3.10645
2.83538
2.83538
3.10351
3.06101
3.24005
3.24005
3.24005
3.24005
3.20492
3.2351
3.2351
3.1577
3.1577
3.23841
3.20494
3.13488
3.13488
2.96825
2.74734
2.74734
2.77772
2.32986
2.50336
3.05875
3.05875
3.05875
2.96095
3.07149
3.12985
3.12985
3.18767
3.02655
3.08023
3.08023
2.77258
2.77258
3.04843
2.99578
2.99578
2.99578
3.03053
3.03053
3.03053
3.03053
3.03053
3.03053
3.03053
2.90519
2.90519
3.03741
3.03741
3.22689
3.22689
2.42197
2.42197
3.08712
3.08712
3.13618
3.13618
3.09007
3.12196
3.12196
3.12196
3.12196
2.90176
2.90176
2.90176
2.90176
2.99776
2.99776
2.99776
3.14568
3.14568
3.14568
3.18936
3.18936
3.25858
3.28324
3.28324
3.28324
3.19384
3.19384
3.25482
3.25482
3.29246
3.29246
3.19626
3.19626
3.26801
2.86236
2.65028
2.89564
2.89564
2.89564
2.89564
2.77931
2.88628
2.88628
2.97846
3.21287
3.21287
3.27195
3.27195
3.27195
3.27195
3.27195
2.45184
2.45184
3.10061
3.10061
3.13359
3.13359
3.24493
3.24493
3.33688
3.33688
3.33688
3.33688
3.15478
3.15478
3.15478
3.15478
3.15475
2.96316
2.96316
2.96316
2.96316
2.96316
2.60641
2.60641
2.90183
3.01813
3.01813
3.01813
3.05685
3.05685
3.22555
3.22555
3.22555
3.12445
3.12445
3.23678
3.23678
3.23678
3.23678
3.23678
3.23678
3.23678
3.09958
3.01174
3.10623
3.09135
3.00977
3.00977
2.97329
2.97329
2.97329
3.01816
3.02025
3.02025
3.02025
3.02025
3.18787
3.23035
3.23035
3.23035
3.16027
3.07433
3.02971
3.02971
3.02971
3.02971
3.03862
2.92109
2.76322
3.01541
3.3022
3.3022
3.3022
3.17733
2.60261
2.59527
2.90779
2.88455
3.09623
2.74726
2.74726
3.03917
3.03917
3.00972
3.00972
3.00972
3.00972
3.0983
3.0983
3.09324
3.09324
3.06316
3.03594
3.03594
3.03594
3.10456
3.10456
3.10456
3.10456
3.10456
3.10456
3.17134
3.17134
3.17134
3.09924
3.09924
3.09924
3.09924
3.09924
3.09924
3.09924
3.09924
3.09924
3.01416
3.01416
2.91211
3.02044
3.02044
2.83507
2.98892
2.98892
2.98892
2.98892
2.98892
2.98892
2.83206
2.83206
2.74598
2.81853
3.06257
3.11906
3.15776
3.15776
3.15776
3.15776
3.06238
3.03051
2.46068
2.34164
2.34164
2.47888
3.04676
3.10173
3.1486
3.1486
3.1486
3.1486
3.1486
3.192
3.192
3.192
3.06084
3.06084
3.06084
3.06084
3.03344
2.8693
2.8693
2.96755
3.07036
3.07036
3.20426
3.20426
3.20426
3.20426
3.20806
3.20806
3.10737
2.95219
2.95219
2.88105
2.84949
2.84949
2.57093
2.57093
2.9811
2.9811
2.94998
3.14873
3.16438
3.16438
3.16438
3.21743
3.00222
2.71665
2.71665
2.9195
2.9195
2.72764
2.72764
2.72764
2.72764
3.01845
3.25395
3.09585
2.96277
2.96277
2.96277
3.01301
3.01301
3.01301
3.01301
3.0759
3.0759
3.05237
3.05237
2.95217
2.95217
3.03645
3.03645
3.03645
2.97098
3.09947
3.02068
2.84415
2.84415
2.68255
2.92422
2.92422
2.74306
3.06999
3.1559
3.1559
3.1559
3.1559
3.21537
3.21537
3.21537
3.21537
3.21537
3.21537
3.27877
3.27877
3.27877
3.27877
3.13131
3.13131
3.17121
3.17121
3.25311
3.25311
3.32133
3.32133
3.32133
3.23241
2.83103
2.83103
3.14593
3.14593
3.14593
3.14593
3.25162
3.25162
3.25162
3.02895
3.02895
3.02895
3.02895
2.9815
2.9815
3.05687
2.80931
2.80931
3.01626
3.01626
3.01626
3.01626
3.01626
3.01626
3.01626
3.30937
3.30937
3.30937
3.30937
3.30937
3.30937
3.30937
3.30937
3.30937
3.30937
3.30937
3.20989
3.20989
3.20989
3.10083
3.10083
3.20634
3.09995
2.95936
2.91619
2.92644
2.94016
2.94016
2.94016
2.94016
3.03181
3.12154
3.1316
3.13847
3.13847
3.13847
3.16837
3.16837
3.16837
3.15495
2.80116
2.80116
3.03888
3.04498
2.5459
2.5459
2.63957
2.45858
2.45858
2.60332
3.04989
3.10999
3.05009
2.69435
2.62072
2.62072
2.51215
2.4967
2.56314
2.4758
2.40383
2.31831
2.54588
2.76162
2.76162
2.91683
2.89213
2.89213
3.04949
2.96899
2.96899
3.06288
2.89311
2.92419
2.61785
2.61785
3.16718
3.16718
3.16718
3.16718
3.16718
3.15004
3.15004
2.90907
2.79011
2.91379
3.05192
2.97525
2.90653
3.22131
2.94238
2.91065
2.85242
2.85242
2.86288
2.68119
2.68119
2.68119
2.71854
2.94179
2.94179
2.94559
2.94559
2.94559
3.00873
3.00873
3.1034
3.1034
3.1034
2.74842
2.74842
2.85429
2.86177
3.10929
3.10929
3.10929
3.10929
3.10929
3.10929
3.10929
3.10929
3.10929
3.10929
3.08719
3.08719
3.08719
3.0434
3.0434
2.9946
2.9946
2.9946
3.00274
3.20277
3.23679
3.24201
3.24201
3.30524
3.30524
2.92538
2.92538
2.92538
2.92538
2.92538
2.92538
2.77645
2.77645
3.08726
3.08726
3.16835
3.16835
3.16835
3.0279
2.246
2.3571
2.9382
2.9382
3.18965
3.18965
3.18965
3.18965
3.18965
3.18965
3.21324
3.21324
3.26935
3.29131
3.1967
3.12935
2.74828
2.74828
2.84664
2.52972
2.89748
2.89748
2.89748
2.7144
2.7144
3.10945
3.10945
3.10945
2.78268
2.66283
2.73983
2.98971
2.98971
2.47709
2.47709
2.86263
3.01271
3.01271
3.01271
2.98548
2.75256
2.75256
2.64883
2.46664
2.24617
2.59587
3.29121
3.23068
3.23068
3.15088
3.04848
3.16866
3.16866
3.19179
3.19179
3.03623
3.03623
3.19929
3.19929
3.19929
3.20001
3.0448
3.0448
3.0448
3.0519
3.2156
3.2156
3.17053
3.17053
3.17053
3.17053
3.22612
3.22612
3.22612
3.22612
3.08582
2.98821
2.98821
2.98821
2.98821
2.98821
2.76132
2.95193
2.93724
2.93724
3.05025
3.05025
3.26519
3.12878
3.12878
3.12878
3.12878
3.13017
3.03797
2.9535
2.9535
2.7732
2.7962
3.14561
2.84823
2.84823
2.46485
2.46485
3.26823
3.26823
3.2292
3.2292
3.22731
3.13753
3.14368
2.80843
2.80843
3.24929
3.05942
3.05942
3.05942
3.05942
3.01745
3.06181
3.094
3.094
2.9543
2.68305
3.06819
3.14195
3.14195
3.22179
3.23244
3.23244
3.23244
3.26572
3.01968
3.01968
3.08471
3.07358
3.07358
3.07358
2.97265
2.97265
3.14882
3.14882
3.14882
3.23985
3.23985
3.23985
3.21111
2.88577
2.88577
2.88577
2.83187
2.5815
2.53405
2.63019
2.63019
2.50849
2.67572
3.24418
3.24418
3.24418
3.24418
3.24418
3.24418
3.24418
3.24418
2.75563
2.75563
3.1901
3.1901
3.1901
3.1901
3.1901
3.18941
3.18941
3.18343
3.18343
3.18343
3.18735
3.2081
3.2081
3.20957
3.20957
3.06948
3.06948
2.97129
3.02823
3.2788
3.2788
3.2788
3.2788
3.2788
3.00346
3.00346
3.19764
3.19764
3.19764
3.19764
3.19764
3.2019
3.05927
2.78896
2.92061
3.0648
3.09005
3.09005
3.16507
3.16507
3.16507
3.16507
3.16507
3.16507
3.16507
3.21287
3.21287
3.33729
3.25158
3.21763
3.22087
3.22087
3.22087
3.21674
3.17267
3.13624
3.15709
3.15709
3.15709
3.15709
3.15709
3.05634
2.96437
2.94067
2.75875
2.8464
2.8464
2.8464
2.92878
2.94299
2.8643
2.71733
2.71733
2.71733
2.74472
2.87857
3.11216
3.04956
3.04956
3.04956
3.04956
3.04956
3.04956
3.089
3.089
3.089
3.13022
3.13022
3.13022
3.13022
3.13022
3.13022
3.14737
3.08111
3.07272
3.07272
3.07272
3.19755
3.19755
3.2591
3.1919
3.1919
3.2232
3.007
3.11276
3.11276
2.87738
2.87738
2.87738
2.87738
2.87738
2.87738
2.87738
2.87738
2.87738
3.04817
3.19869
3.09354
